0.966888	-0.0781567
0.965217	-0.255321
0.943458	-0.245188
1.03183	-0.345629
0.887616	-0.215917
1.04782	-0.218586
1.1229	-0.488417
1.01597	-0.31719
0.86706	-0.35095
0.694025	-0.0849955
0.477747	-0.26185
0.599038	-1.21928
0.919227	-1.52573
0.77289	-1.30633
0.771758	-1.21512
0.751981	-1.17578
0.797871	-1.15621
1.17101	-1.3125
1.22473	-1.2954
1.12698	-1.17094
1.00226	-1.08688
0.90941	-1.10395
0.778187	-1.05973
0.641448	-1.07073
0.582794	-1.04266
0.5117	-0.931141
0.483831	-0.806396
0.434559	-0.702855
0.499958	-0.70051
0.610782	-0.591574
0.708068	-0.684681
0.565102	-0.543305
0.599011	-0.514821
0.596477	-0.576385
0.661917	-0.86167
0.663777	-0.865619
0.562745	-0.82261
0.640333	-0.952119
0.706512	-1.04068
0.502535	-0.854833
0.255685	-0.940217
-0.0418876	-0.948307
-0.289894	-0.952531
-0.162382	-0.709859
0.512929	-0.86291
0.594995	-0.823217
0.00113936	-0.367433
0.248735	-0.137795
0.542986	0.405819
1.23128	0.81599
1.07279	0.590052
1.20143	0.710727
1.0907	0.539396
0.798221	0.133642
0.559027	-0.0062779
0.984114	-0.294001
1.00458	0.0856357
1.16539	-0.351951
1.15897	-0.37089
0.628368	-0.220698
1.3653	-1.08984
1.06796	-0.720418
1.45109	-1.18484
1.48747	-1.2202
1.77559	-1.64948
2.01216	-2.33469
1.69172	-1.90958
1.32984	-1.52559
1.2275	-1.4987
1.0462	-1.46483
1.0777	-1.66289
1.23613	-1.75136
1.38744	-1.71451
1.28207	-1.70908
1.427	-1.89285
1.36682	-1.78431
1.39345	-1.7851
0.93474	-1.04451
0.867437	-0.676977
0.891816	-0.728225
0.936303	-0.890031
1.1111	-1.24202
0.956868	-1.18147
0.543916	-0.88029
0.261819	-0.684669
-0.0866378	-0.517318
-0.278915	-0.253201
-0.329658	-0.183861
-0.0741421	-0.207733
0.894008	-0.828063
1.2605	-1.16398
1.10356	-0.999904
0.762722	-0.669585
0.925769	-0.848681
0.905596	-0.40706
1.11955	-0.77818
1.04162	-0.705218
2.02944	-2.23258
1.7309	-2.3033
1.17467	-1.67705
1.26775	-1.80145
1.16274	-1.54981
1.15308	-1.46922
1.10039	-1.0752
1.81318	-2.08432
1.80025	-1.9648
1.92695	-2.15099
1.90908	-2.05482
1.84845	-1.85709
1.97441	-1.98789
1.2945	-1.13497
1.5677	-1.24891
1.48009	-0.795498
1.60226	-0.740713
1.80062	-1.15174
1.3887	-0.850233
1.26237	-0.723925
1.31967	-0.886528
1.13237	-0.442346
0.903958	-0.399682
1.07135	-0.473145
1.02137	-0.421
0.936308	-0.258596
1.00531	-0.480636
1.01037	-0.433391
0.960407	-0.543753
1.17201	-0.868673
1.07618	-0.808931
0.818854	-0.654894
0.80586	-0.392796
0.801816	-0.27863
0.958434	-0.4668
0.95418	-0.667373
0.678277	-0.296697
0.977964	-0.421594
0.999938	-0.0302945
0.981396	-0.352872
0.928448	-0.197799
1.05125	-0.423281
1.31295	-0.749297
1.20335	-0.596439
0.918879	-0.21101
0.954506	-0.271977
0.893491	-0.145386
1.00251	0.144502
1.02908	0.319748
0.9009	0.00846379
0.700732	-0.090618
1.31589	-0.610707
2.02374	-1.1513
1.91398	-1.78615
1.90218	-1.90908
1.66808	-1.60687
1.62995	-1.56181
1.74254	-1.72267
1.77102	-1.87224
1.37002	-1.81114
1.12486	-1.56234
1.27454	-1.69243
1.39761	-1.76005
1.60318	-1.81717
1.33708	-1.21617
1.1812	-1.07285
0.960699	-0.509569
0.912377	-0.552645
1.74078	-1.71932
1.26365	-1.43884
1.31615	-1.42181
1.54194	-1.65756
1.67012	-1.80527
1.78078	-1.8692
1.79164	-1.89107
1.73441	-1.91255
1.61471	-1.78674
1.38393	-1.4693
1.3043	-1.3866
1.3304	-1.48676
1.28279	-1.54778
1.15195	-1.52587
1.11354	-1.51544
1.31986	-1.72434
1.49095	-1.99163
1.49361	-2.00146
1.43183	-1.8957
1.38232	-1.85913
1.29446	-1.79443
1.1452	-1.69838
1.19286	-1.80963
1.33624	-1.96423
1.4661	-2.08938
1.5213	-2.03329
1.19225	-1.56065
0.91714	-1.08042
1.34006	-1.49344
1.6262	-1.72316
1.72225	-1.67036
1.77947	-1.61521
2.03472	-1.90617
2.14535	-2.01429
2.08328	-1.87557
1.93381	-1.6497
1.85429	-1.64408
1.61962	-1.41019
1.41359	-1.28726
1.10896	-1.16124
1.03428	-1.39091
0.927415	-1.58952
0.799428	-1.47522
0.657946	-1.32391
0.70966	-1.34186
0.927649	-1.43097
1.05083	-1.2506
0.961143	-1.00312
0.77356	-0.729516
0.168141	-0.395133
0.310657	-0.0193949
0.541446	-0.127877
1.07073	0.452596
1.56601	0.942399
0.918379	0.00697491
0.834487	-0.387606
1.02983	-0.629868
1.30804	-1.14207
2.07108	-1.9595
1.74761	-1.38699
1.78741	-1.37109
2.07681	-1.78828
1.47118	-1.10421
1.04982	-0.837819
1.16488	-1.03569
1.29536	-1.20243
1.73082	-1.78632
1.72974	-1.76068
1.72123	-1.75645
1.64623	-1.59231
1.54652	-1.37058
1.69195	-1.49024
1.71354	-1.52004
1.65753	-1.41773
1.6993	-1.34664
1.19492	-0.751142
1.28596	-0.808699
1.22302	-0.617176
1.50863	-0.980628
1.42182	-0.78892
1.1768	-0.742531
1.05624	-0.426129
1.27243	-0.757423
1.31792	-0.815916
1.51171	-0.798721
1.69607	-1.10164
1.37456	-0.943868
1.2305	-0.669756
1.27876	-0.744872
1.02879	-0.399482
1.02587	-0.405008
1.31234	-0.722869
1.1855	-0.45094
1.08833	-0.524371
1.22672	-0.689212
1.08184	-0.559329
1.08424	-0.51223
1.14532	-0.440012
0.922275	-0.330438
0.844077	-0.0885729
0.925734	-0.106944
1.01754	-0.301531
0.986636	-0.301249
0.961533	-0.111443
0.866362	-0.13822
1.13092	-0.53664
1.11462	-0.439545
1.06696	-0.372398
0.50262	0.54986
0.590336	0.294179
1.02332	-0.241685
0.940427	-0.23776
0.904175	-0.458655
0.993904	-0.46556
0.96702	-0.379839
0.978216	-0.347306
0.828543	-0.511045
0.572603	-0.326501
0.600629	-0.519637
0.691611	-1.22158
0.870263	-1.28804
1.18173	-1.60371
1.44975	-1.74266
1.63991	-1.90775
1.21282	-1.32517
1.27766	-1.53146
1.38524	-1.67307
1.33014	-1.55473
1.23381	-1.62546
1.70125	-2.23076
1.69467	-2.31051
1.37638	-1.75142
1.11453	-1.44172
0.457504	-1.3344
0.25597	-1.29427
0.248814	-1.28033
0.414276	-1.27318
0.51976	-1.11483
0.636466	-0.918324
0.691928	-0.854389
0.571555	-1.10991
0.890685	-1.1859
0.997191	-1.1311
1.07119	-1.18114
1.15217	-1.26763
1.1014	-1.36636
0.942518	-1.34439
0.703833	-1.14
1.20672	-1.26857
1.20028	-0.710565
1.33858	-1.05155
1.47219	-1.67633
1.67443	-1.91873
2.30584	-2.42156
2.75897	-2.60367
3.06797	-3.11443
2.31309	-2.21053
0.740005	-1.00005
0.52658	-0.766013
0.316471	-0.541236
0.180157	-0.398545
0.255528	-0.439963
0.155451	-0.463948
0.123868	-0.531727
-0.00571631	-0.473451
0.0518767	-0.652764
0.0755496	-0.681003
0.12035	-0.679963
0.0909208	-0.713188
0.243374	-0.751081
1.02759	-1.18301
0.875961	-0.611333
1.20101	-1.13214
0.592608	-0.910361
0.488447	-0.715385
0.55745	-0.682406
0.631682	-0.570074
1.27066	-0.908509
1.36285	-1.13552
1.08972	-0.989516
1.1871	-0.917048
1.75496	-1.51553
0.91169	-0.843334
1.15109	-0.935968
0.371582	-0.0258024
0.353219	0.21759
0.539995	0.497985
0.424736	0.399216
0.597516	0.203366
0.648597	-0.0438452
0.950666	-0.480656
0.601828	-0.911045
0.968755	-1.4389
1.02374	-1.48963
1.41495	-1.9093
1.7068	-2.04803
1.9371	-2.19539
1.65252	-1.67646
1.21784	-1.45832
1.11117	-1.36608
1.93329	-2.0831
2.38304	-2.76857
2.11291	-2.34383
2.10717	-2.24812
2.55146	-2.87952
2.03308	-2.04868
1.831	-1.69025
2.11269	-1.99418
2.63867	-2.87054
2.3555	-2.76982
2.45468	-3.03515
2.51296	-3.11699
2.36258	-2.80928
1.80131	-1.96896
2.15461	-2.65147
1.83708	-2.10891
1.64216	-1.59165
0.999673	-0.951071
1.16639	-1.17239
1.37206	-1.20808
0.979054	-0.575816
1.35063	-0.978848
1.22129	-0.887832
0.780373	-0.247477
0.502674	-0.2271
0.262572	-0.0339185
0.279199	-0.0337882
0.899257	0.410433
0.914465	0.324542
0.974199	0.428977
0.64503	0.223192
0.903137	0.446737
0.621202	0.257196
0.56962	0.311075
0.493253	0.123192
0.540478	0.244736
0.488075	0.127761
0.789852	-0.381205
0.699682	-0.112406
0.595825	0.0581485
0.988694	-0.603997
0.768681	-0.278979
0.554164	0.105681
0.774604	-0.144655
0.956181	-0.203921
0.968055	-0.391831
0.968107	-0.358654
1.08759	-0.315442
1.06683	-0.397953
1.03088	-0.648546
0.736739	-0.354572
0.870486	-0.0932484
0.861937	-0.0365469
0.917584	-0.271116
0.783062	-0.111892
0.509604	-0.0429733
1.13821	-0.728088
2.05931	-1.73253
2.1801	-2.25564
1.81662	-1.72917
1.44128	-1.21901
1.41382	-1.2197
1.59999	-1.21497
1.78847	-1.07403
1.49975	-1.14741
1.05846	-0.478652
1.39474	-0.716108
0.694954	0.224097
0.470774	0.311517
0.87215	-0.220681
0.543915	-0.00969593
0.617081	-0.390314
0.776463	-0.708302
0.361103	-0.176263
0.201826	0.438302
0.463932	-0.273865
0.821924	-1.08159
0.513805	-1.04551
0.945025	-1.19101
1.20165	-1.67289
1.21158	-1.59497
1.20496	-1.54107
1.28821	-1.30194
1.75755	-1.93827
1.40414	-1.22815
0.666364	-0.905536
0.595417	-0.864872
0.593393	-0.718207
0.707034	-0.210718
0.631588	0.168497
0.503522	0.221706
0.0889236	0.551171
0.662883	0.479186
1.58022	-1.10983
1.1404	-0.786425
1.07966	-0.789668
0.249846	-0.527908
0.342318	-0.386861
0.30464	-0.414872
0.794966	-0.530873
0.926651	-0.627501
0.740781	-0.357579
0.528824	-0.495461
0.745611	-0.186923
0.532336	-0.348023
0.338233	-0.429956
0.224036	-0.411401
0.253113	-0.46273
0.167714	-0.531091
0.302555	-0.542117
0.359034	-0.500084
0.297651	-0.402987
0.544879	-0.739261
0.490781	-0.766735
0.451783	-0.71862
0.419284	-0.58674
0.328493	-0.437108
0.454404	-0.458117
0.554385	-0.602057
0.201969	-0.64036
0.188246	-0.734118
0.322011	-0.696273
0.324401	-0.483833
0.187904	-0.141482
0.121358	-0.358075
0.895998	-1.02865
1.38983	-1.36308
0.810949	-0.545912
0.745887	0.464251
0.439588	0.293992
0.161906	0.174863
0.559111	0.495937
0.477028	0.393698
0.178912	0.0448554
0.452937	-0.256592
0.448138	-0.105474
0.576219	-0.00656233
0.620463	-0.266062
0.616761	-0.213711
0.906626	-0.207601
1.41469	-1.03451
2.29201	-2.2181
2.59063	-2.80711
1.03715	-1.1933
0.672359	-0.970067
0.399629	-0.821535
0.179418	-0.553822
0.223445	-0.62328
0.521227	-0.709585
0.612926	-0.702964
0.444188	-0.496583
-0.00679946	-0.259948
0.15402	-0.307315
0.803116	-1.00815
0.593911	-1.03725
0.16924	-0.980727
0.143215	-1.02051
0.340885	-0.896737
0.331709	-0.920746
0.683487	-1.16803
0.581503	-0.917205
0.75136	-1.08134
0.445193	-0.7966
0.351882	-0.639644
0.510951	-0.70948
0.842193	-0.836625
0.814739	-0.75245
0.604151	-0.548123
0.758349	-0.742705
0.444836	-0.54616
1.40477	-1.2924
1.11936	-1.13194
1.60975	-1.75682
1.70205	-2.11796
0.696748	-1.44478
0.637995	-1.17235
0.440533	-1.12111
0.506211	-1.26676
0.641511	-1.33304
0.732849	-1.34699
0.949699	-1.52121
1.2693	-1.80527
1.54956	-1.99785
1.72153	-2.10547
1.79232	-2.19146
1.97307	-2.46472
1.91019	-2.31218
1.86296	-2.31588
2.09674	-2.56282
2.20903	-2.69139
1.90073	-2.33202
1.78867	-2.21397
1.56343	-1.95282
1.39957	-1.74257
1.49731	-1.77067
1.62466	-1.90417
1.62298	-1.94071
2.08193	-2.39883
1.31623	-1.08288
1.45119	-1.11697
0.455694	-0.473497
0.340794	-0.319306
0.472522	-0.336057
0.645375	-0.469491
1.36142	-1.35188
1.07148	-1.02686
1.04158	-1.24882
1.59276	-2.14902
1.60306	-2.27684
1.50085	-2.15299
1.25696	-1.71529
1.08363	-1.32758
1.13198	-1.26168
1.08834	-1.1508
1.11963	-1.14998
1.09679	-1.10769
1.03339	-1.05138
1.01198	-1.11971
0.961712	-1.04986
0.875936	-1.0035
0.977635	-1.2411
1.06498	-1.42249
0.788393	-1.13229
0.831051	-1.0871
0.862145	-1.14089
0.723453	-1.07033
0.188348	-0.52117
0.149502	-0.319725
0.497082	-0.257762
0.469741	-0.368218
1.14593	-0.87443
1.07825	-0.585277
1.01101	-0.614
1.41242	-1.07929
1.45199	-0.89513
1.19274	-0.737042
1.2134	-1.10463
1.33893	-1.03216
0.973248	-0.466547
1.09971	-0.931719
0.756145	-0.14287
0.866629	-0.44084
0.586248	-0.413208
0.727011	-0.212184
0.913924	-0.363768
0.909529	-0.673421
1.69356	-2.11344
1.41615	-1.88353
1.3631	-1.8631
2.00604	-2.32077
1.19648	-1.50032
0.798668	-1.1371
0.96881	-1.24587
1.15136	-1.31943
1.74074	-1.71386
0.788668	-0.322261
0.912451	0.219184
0.755117	0.394784
1.08874	0.657477
0.711431	-0.0375058
0.754883	-0.401037
0.901417	-0.700489
0.532676	-0.178815
0.700987	-0.456789
1.88398	-1.72696
1.24195	-1.25757
0.908524	-1.08016
1.26509	-0.93984
1.85729	-1.73376
1.91447	-1.79518
1.65902	-1.54969
2.68971	-2.81252
1.55658	-1.30874
1.54345	-1.21594
1.02106	-0.67125
1.38154	-1.14891
1.21059	-0.991936
0.754599	-0.39636
1.26274	-0.908387
2.77818	-3.10702
2.85237	-3.27084
3.0206	-3.60055
1.67479	-1.6796
0.796466	-1.05608
0.759691	-0.985401
0.581073	-0.891945
0.405948	-1.02275
0.522006	-1.0056
0.610851	-1.0444
0.572453	-1.02317
0.50857	-1.0811
0.51768	-0.73804
0.468155	-0.773481
0.534826	-0.878329
0.591701	-0.835409
0.959478	-1.15613
0.878916	-0.944909
0.923144	-1.02491
0.632505	-1.03797
0.838996	-1.36732
0.683073	-1.34794
0.638658	-1.41772
0.518012	-1.29805
0.566103	-1.35103
1.57192	-1.98687
2.12169	-2.82189
1.63996	-2.29369
1.73048	-2.37784
1.79452	-2.3812
1.41285	-1.94887
1.166	-1.63106
1.31354	-1.81005
1.45023	-1.86954
1.50802	-1.84877
1.844	-2.20914
1.77381	-2.29398
1.63125	-2.17984
1.30528	-1.86003
1.57062	-2.04964
1.30409	-1.72508
1.83981	-2.10124
1.16994	-1.10662
0.992085	-0.944223
1.55412	-1.5898
1.45145	-1.45536
1.45409	-1.19107
1.45463	-1.03876
1.04263	-0.57284
0.977809	-0.442672
1.11336	-0.547822
1.14784	-0.645341
0.925372	-0.491456
1.13603	-0.532305
0.925997	-0.546868
0.875434	-0.449505
1.25262	-0.570187
1.14464	-0.434512
0.865234	-0.199321
1.06695	-0.536472
1.13238	-0.523572
1.13473	-0.597384
1.05752	-0.385839
0.770403	-0.282913
0.899987	-0.303854
0.837451	-0.188779
1.09266	-0.2721
1.11372	-0.324447
0.837115	-0.0324253
0.762395	0.0167069
0.877073	-0.171427
0.932539	-0.313962
0.838412	-0.0303311
0.97019	0.129394
1.14699	0.261379
1.11738	0.502553
0.834652	0.506958
0.429365	0.0714153
0.703493	-0.274756
1.12271	-0.614657
1.02701	-1.32981
0.875976	-1.38312
0.867549	-1.40887
0.635429	-1.21671
0.45664	-0.981123
0.928091	-1.40266
0.71448	-1.12172
0.266999	-0.657569
0.329578	-0.647858
0.470366	-0.534483
0.617112	-0.417741
0.886051	-0.438857
0.97443	-0.278733
1.27258	-0.55671
1.41376	-0.92705
1.21827	-0.742536
0.296978	0.1233
0.374327	0.203442
0.414049	-0.0534622
0.791832	-0.518359
0.604518	-0.752268
0.49581	-0.961356
0.825445	-1.11556
0.707773	-1.11626
0.670184	-1.09744
0.669277	-1.13202
1.18495	-1.35451
1.12352	-1.10872
1.08993	-1.02244
1.06781	-0.98076
1.08071	-0.965311
1.08418	-0.963409
1.08592	-0.9731
1.13314	-1.10435
1.0251	-1.02887
1.01481	-1.10516
1.06824	-1.33278
1.81499	-2.58961
1.69281	-2.42141
1.9102	-2.60779
2.03096	-2.6901
2.09847	-2.66191
1.65289	-1.89921
1.57348	-1.90816
1.36159	-1.70337
1.31909	-1.60635
1.43098	-1.83813
1.59811	-1.65856
1.04292	-1.16304
0.943502	-1.11172
1.18903	-1.33261
1.11771	-1.16642
1.14541	-1.2105
1.16156	-1.09813
0.878835	-0.683893
1.26475	-0.967077
0.852263	-0.369266
1.09203	-0.587194
1.23437	-0.687659
0.999338	-0.580055
0.937957	-0.228987
0.970674	-0.341617
0.964694	-0.283415
0.962628	-0.118775
1.13885	-0.329543
0.977635	-0.169868
0.966688	-0.258134
1.04987	-0.39049
1.10844	-0.298128
0.885623	-0.0181173
0.832491	-0.143252
0.956032	-0.155666
0.863918	-0.305415
1.05572	-0.385085
1.05058	-0.375867
1.06579	-0.33453
0.92538	-0.257794
1.1792	-0.676383
1.05069	-0.400222
0.870122	-0.0650588
1.09816	-0.350595
0.95265	-0.12801
1.34057	-0.944198
1.18217	-0.834458
1.06389	-0.79382
1.16357	-0.805865
1.59491	-1.35642
1.39623	-1.03232
1.92368	-1.74064
1.67657	-1.71093
1.47158	-1.43734
1.52895	-1.52234
1.38522	-1.34444
0.985336	-0.890628
0.809252	-0.804466
0.73304	-0.79475
0.669028	-0.939001
0.84103	-1.28629
0.982472	-1.50479
0.921789	-1.45513
0.86986	-1.44301
0.850235	-1.37828
1.03036	-1.40693
1.30943	-1.5908
1.47006	-1.68844
1.25807	-1.26965
1.24411	-1.11995
1.08517	-1.02912
0.801666	-0.934207
0.552004	-1.26102
0.621195	-1.47968
0.647284	-1.43557
0.794363	-1.58912
0.714119	-1.47114
0.504889	-1.084
0.560893	-0.932776
0.743874	-0.88
0.875196	-0.848617
0.991891	-0.911992
1.15699	-1.03364
1.17046	-1.02153
1.26971	-1.09378
1.23416	-1.07142
0.935384	-0.767311
0.698586	-0.547906
0.428784	-0.320867
0.162083	-0.133256
0.112512	-0.285445
0.00784273	-0.391196
-0.0244832	-0.39583
-0.0533533	-0.393002
0.0300474	-0.459769
0.108171	-0.524038
0.813166	-1.04201
2.10357	-2.31691
1.8445	-1.60355
1.15894	-1.0164
1.25357	-0.817118
1.1812	-1.08493
0.905253	-1.1863
0.534742	-1.00018
0.458714	-0.957169
0.353116	-0.818091
0.349655	-0.754175
0.550358	-0.882868
0.588649	-0.846606
0.551356	-0.768789
0.604785	-0.768457
0.345112	-0.62556
0.738388	-0.810059
1.17168	-1.26034
1.05145	-1.124
1.31456	-1.31653
1.0931	-1.18231
0.929723	-0.972999
0.954007	-1.05513
0.986165	-0.914588
1.13997	-1.42421
0.703855	-0.630728
0.383485	-0.61148
0.27273	-0.608829
0.242641	-0.544246
0.178789	-0.470066
0.00729425	-0.335765
0.00827437	-0.249399
0.125258	-0.311422
0.239773	-0.623291
0.376238	-0.74149
0.483124	-0.821033
0.865523	-1.0435
0.681506	-0.307656
0.3573	-0.115133
0.811743	-0.0378922
0.634735	-0.240523
0.871125	-0.34504
1.02665	-0.219932
0.821013	-0.33504
0.584667	-0.760446
0.792518	-1.03683
0.847237	-1.34857
0.801802	-1.39161
1.06114	-1.40868
0.542315	-0.711688
0.995966	-1.19326
1.03461	-1.09236
1.03501	-1.00773
1.35025	-1.46493
1.70929	-2.449
1.54224	-2.23127
1.47133	-2.16864
1.65962	-2.4785
1.59673	-2.41677
1.95308	-2.74127
1.50816	-2.02037
1.09453	-1.32974
1.34866	-1.8409
1.3668	-1.8679
1.30585	-1.73416
1.27585	-1.63505
1.23077	-1.53596
1.35363	-1.63905
1.82015	-2.55287
1.48599	-2.18428
1.84836	-2.5101
1.72149	-1.95529
1.4041	-1.26953
1.82584	-1.79949
1.82787	-1.71695
1.80644	-1.69773
1.85507	-1.74911
1.87299	-1.80191
1.77129	-1.69869
1.74483	-1.73611
1.66388	-1.81507
1.63279	-1.93263
1.94765	-2.37233
1.66174	-2.0082
1.49956	-1.87666
1.43959	-1.88219
1.39653	-1.76525
1.59143	-1.84984
1.22256	-1.33863
1.45255	-1.39003
1.21029	-0.946431
0.953307	-0.718303
0.987392	-0.425183
0.903299	-0.36077
0.939463	0.408928
1.66119	-1.01516
0.697195	0.421928
0.751576	0.627814
1.04692	1.11201
0.93495	0.932729
0.871879	0.834164
0.996279	0.537093
0.845757	0.520728
0.633274	0.563929
0.802985	0.660508
1.15427	0.810538
0.929855	0.781588
0.917901	0.846645
0.77508	0.322774
0.277444	0.269382
0.110415	0.248039
0.667088	-0.133011
0.588596	-0.316921
0.623719	-0.0133889
0.743448	0.0592781
0.528571	0.0978971
0.704058	0.169472
0.672318	-0.0282815
0.718486	-0.00879592
0.808034	-0.174275
0.791181	0.036105
0.888016	0.124027
1.00621	-0.251735
0.77489	-0.168454
0.881286	-0.11197
0.783193	-0.162915
0.996697	-0.119719
1.01014	-0.373479
1.21545	-0.533457
1.00049	-0.390356
0.732556	-0.440737
0.958191	-0.460774
1.00264	-0.30001
0.90726	-0.285396
1.16209	-0.623749
0.908531	-0.462126
1.11382	-0.822148
1.2464	-0.890082
0.881431	-0.550711
1.10549	-0.756187
0.904543	-0.490262
0.940662	-0.598552
0.727191	-1.03572
0.45245	-1.17073
0.830054	-1.41105
0.731472	-1.22222
0.634035	-1.0793
0.580736	-0.975597
0.506792	-0.905945
0.60651	-0.705379
0.716184	-0.653972
1.01488	-0.702034
0.955689	-0.8831
1.00252	-0.925985
0.85773	-1.04879
0.466037	-0.915473
0.358141	-0.922134
0.387311	-1.02598
0.398994	-1.03363
0.333913	-0.896487
0.349666	-0.814871
0.556913	-0.872768
0.467338	-0.58884
0.856007	-0.968176
1.18694	-1.1351
1.33216	-1.34632
0.777748	-0.844868
0.451203	-0.385056
0.534763	-0.113543
0.8324	-0.424239
0.689792	-0.344385
0.5345	-0.392114
0.352032	-0.370183
0.390046	-0.494075
0.636128	-0.657153
0.30059	-0.0341999
0.557736	-0.232756
0.418575	-0.120133
0.330109	0.0716724
0.688703	0.520559
0.699199	0.471132
0.501284	-0.521546
0.45071	-0.458815
0.209183	-0.33661
0.406395	-0.387191
0.634419	-0.493327
0.328289	-0.187491
-0.021445	-0.040875
0.19923	-0.111789
0.0159601	0.0334629
0.519377	0.395139
0.746587	0.251173
0.792673	0.0619602
0.177861	-0.609361
0.286033	-0.653192
0.507575	-0.967477
0.409496	-0.915921
0.370668	-0.844435
0.293649	-0.686561
0.000737627	-0.610721
0.31243	-0.176707
0.778378	0.443135
1.04645	0.664014
1.00965	0.820182
1.04159	0.731402
0.658682	0.498718
0.969864	0.181296
0.591257	-0.173143
0.500659	0.058906
0.663201	-0.213741
0.764336	-0.167567
0.524456	0.176355
0.645198	0.238157
0.770028	0.0635234
0.680169	-0.0847262
0.654909	-0.82646
0.914087	-1.34439
0.695827	-1.21785
0.654151	-1.17622
0.729711	-1.26255
0.718974	-1.20653
0.721633	-1.16289
0.687506	-1.12891
0.694028	-1.13959
0.658514	-1.12725
0.703995	-1.19066
0.936768	-1.46699
0.735753	-1.23614
0.741959	-1.19876
0.73807	-1.30285
0.746566	-1.37317
0.619303	-1.20734
0.495071	-0.573931
0.772926	-0.90958
0.743365	-1.09651
0.901449	-1.15339
0.94307	-0.728708
0.979629	-0.640881
0.986027	-0.790642
0.993494	-0.540708
1.23155	-1.01609
1.01499	-0.676028
0.931096	-0.643904
0.804376	-0.689365
0.855088	-1.25972
0.647464	-1.25193
0.289137	-0.854739
0.213002	-0.957223
0.525445	-1.144
0.637465	-1.19515
0.658809	-1.17037
0.721174	-1.17116
0.872231	-1.16077
1.00039	-1.13041
1.06929	-1.14765
1.1421	-1.23853
1.29561	-1.58169
1.57826	-1.89585
0.974323	-1.36181
1.25138	-1.50848
1.07702	-1.20754
1.00576	-0.904109
1.03779	-0.734215
0.891326	-0.0889665
0.930275	-0.0973786
0.656477	0.149257
1.20564	-1.60923
1.08317	-1.47763
0.715835	-0.709085
1.24004	-0.977087
2.28432	-1.79879
1.33037	-1.01908
1.30144	-1.16311
1.41467	-1.43088
1.46278	-1.50092
1.42158	-1.41918
0.908359	-0.78319
0.934849	-0.426405
1.21122	-0.300817
0.723304	0.19988
0.701754	0.36187
0.22606	0.301186
0.357232	0.330662
0.610329	0.119615
1.06839	-0.41947
0.788528	-0.530932
1.23499	-1.10642
0.816821	-0.743498
0.745992	-0.843431
0.925623	-0.997524
0.767512	-0.671089
1.16752	-1.06405
0.960624	-0.797479
1.28195	-1.09477
1.28129	-0.885091
1.51929	-1.05933
2.01532	-1.6044
2.8994	-2.16931
2.81138	-2.14157
3.17722	-2.96183
1.86156	-1.61287
0.837014	-0.745595
0.253862	-0.427057
0.271491	-0.394135
0.489222	-0.494697
0.478522	-0.517927
0.373212	-0.433343
0.363051	-0.483498
0.658128	-0.719293
0.674962	-0.736947
0.625403	-0.733695
0.630242	-0.826905
0.537093	-0.754114
0.705188	-0.920093
0.844921	-1.06209
1.00983	-1.1355
1.2941	-1.29514
1.17034	-1.12414
1.31797	-1.35185
1.32896	-1.30107
1.54427	-1.36551
1.44309	-1.27475
1.38513	-1.35586
1.08606	-1.2226
1.04781	-1.21024
1.1003	-1.29457
1.16948	-1.38377
1.2754	-1.53767
1.19063	-1.45757
1.04986	-1.33573
0.953767	-1.33167
0.857934	-1.32355
0.821876	-1.32812
0.705218	-1.30461
0.818631	-1.38754
0.661636	-1.25161
0.722848	-1.2956
0.730926	-1.33188
0.680026	-1.26063
0.636379	-1.24555
0.662209	-1.26572
0.594653	-1.15165
0.46153	-1.03047
0.471424	-1.08388
0.534665	-1.11062
0.721694	-1.25361
1.32832	-1.57759
1.25032	-1.40663
1.13647	-1.33222
1.06218	-1.37596
0.942883	-1.29877
0.935306	-1.36855
0.861845	-1.29656
0.947153	-1.29803
1.15127	-1.44786
1.55922	-1.78873
1.85628	-2.05542
2.1474	-2.32652
1.89731	-2.13327
1.48531	-1.65978
1.35782	-1.4943
1.5187	-1.67427
1.71578	-1.99062
1.67297	-1.73791
1.34265	-1.16329
1.69701	-1.73493
2.12655	-2.27299
2.02623	-2.09014
1.87466	-1.80468
1.79918	-1.64917
1.89161	-1.7042
1.87372	-1.71072
1.91564	-2.14724
1.71791	-2.1271
1.46367	-1.70422
1.89395	-2.21858
2.04658	-2.31612
2.01017	-2.03634
1.29389	-1.05911
0.955226	-0.255784
0.884333	-0.406403
1.53045	-1.54613
0.664114	-0.472921
1.37959	-1.39617
1.58112	-1.59978
1.75993	-1.85217
1.73636	-1.77255
1.65043	-1.64575
1.57217	-1.38319
1.36949	-0.932679
1.26372	-0.889098
1.24791	-0.645355
0.877494	0.116293
0.861183	0.272504
2.00465	-2.11349
1.8594	-1.89978
1.78915	-1.70736
1.63864	-1.52392
2.24012	-2.21966
2.91854	-3.31355
2.45301	-2.48784
2.08694	-1.98161
2.58253	-2.88403
2.46357	-2.67767
2.51691	-2.74193
1.31507	-0.938935
1.41053	-1.02239
1.11461	-0.846678
1.00805	-1.04787
0.896729	-0.936782
1.22699	-0.899041
1.05305	-0.455477
1.18586	-0.60141
1.15465	-0.53525
1.10333	-0.568823
1.31098	-0.820783
0.945585	-0.542109
1.17437	-0.622093
0.998632	-0.261814
1.2927	-0.679246
1.02593	-0.265745
0.778787	-0.00855037
0.499703	0.0440037
0.288308	-0.148617
0.318282	-0.0983396
0.849373	-0.338224
0.957219	-0.333068
0.955515	-0.522581
0.80825	-0.115241
0.907757	-0.28146
0.97891	-0.344653
1.1873	-0.563688
1.01923	-0.505765
1.12394	-0.532732
0.998033	-0.199523
1.01778	-0.492096
0.890541	-0.337747
0.882746	-0.311128
0.658866	-0.233867
0.900864	-0.271214
0.811787	-0.333717
0.572625	-0.0422
0.722861	-0.101525
0.884566	0.0251229
0.919091	-0.21494
0.875644	-0.091436
0.967953	-0.29125
0.658044	-0.429475
0.853755	-0.918391
1.53677	-1.56692
2.14039	-2.25184
1.29812	-1.13295
0.493518	-0.298486
0.721405	-0.612249
0.934671	-0.908017
0.852415	-0.811268
0.86449	-0.899542
0.616998	-0.70468
0.607475	-0.710965
0.686088	-0.718984
0.818381	-0.795636
0.961412	-0.844338
0.837618	-0.705254
0.551425	-0.554927
0.31335	-0.253446
0.634521	-0.399399
0.680815	-0.654747
0.446621	-0.553139
0.742716	-0.771029
0.198701	-0.2539
0.636508	-0.332799
1.03735	-0.993847
0.862313	-0.835473
0.930381	-0.835048
1.03113	-0.835486
0.90712	-0.84124
0.183747	0.0340412
0.289389	-0.0514441
0.759726	-0.367596
0.535614	0.0866146
0.945219	-0.290417
1.8245	-1.32607
1.85974	-1.45061
1.81224	-1.41317
1.34601	-1.32141
1.27776	-1.38876
1.14325	-1.18003
0.833032	-1.03457
1.04765	-1.23081
1.17382	-1.22633
1.05118	-1.05036
0.842336	-0.816583
1.10516	-1.05843
1.15885	-1.12706
0.874678	-0.745704
0.752231	-0.66795
0.895563	-0.785441
0.853955	-0.713723
0.891856	-0.72326
1.22338	-1.22247
1.55247	-2.04812
1.50879	-1.9757
1.43052	-1.72559
1.22364	-1.20546
1.31908	-1.22703
1.46017	-1.42769
1.4333	-1.38353
1.4596	-1.41448
1.45018	-1.41799
1.54281	-1.58278
1.48352	-1.51026
1.54975	-1.63754
1.66468	-1.87603
1.34422	-1.50479
1.08676	-1.02004
1.34101	-1.02978
1.30148	-1.16232
1.12475	-0.808496
1.07781	-0.835832
1.02141	-0.530655
1.23793	-0.884406
1.08032	-0.629177
1.01306	-0.568048
1.03978	-0.473804
1.1922	-0.617651
1.21222	-0.767951
0.91063	-0.320074
0.863879	-0.174569
0.995806	-0.25931
1.01701	-0.241086
1.013	-0.318596
0.810871	-0.179467
0.690088	-0.271149
0.844995	-0.356928
0.77046	0.0594957
1.03425	-0.483644
0.79648	0.19482
0.934105	-0.170298
0.966071	-0.254045
0.764343	0.0330824
0.992989	-0.315504
0.745181	-0.113652
0.944266	-0.340571
1.13234	-0.511449
0.872095	-0.342604
0.8946	-0.100885
0.623942	-0.12573
0.374444	0.0369064
1.25949	-1.2341
1.65516	-1.79335
1.72108	-1.90652
1.72724	-1.96551
1.5855	-1.81352
1.35603	-1.66391
1.00796	-1.31094
0.773425	-0.963093
1.08046	-0.982572
1.43393	-1.53172
1.46154	-1.17599
1.65214	-1.50999
1.12254	-0.90457
0.758875	-0.631794
0.190093	0.332822
0.197229	-0.0960301
0.779414	-1.00439
0.714531	-0.739628
0.996372	-0.729951
0.871526	-0.575269
1.21841	-0.77205
1.14625	-0.8454
0.996578	-0.828008
1.00076	-0.669369
0.87632	-0.529876
0.926549	-0.0114903
1.02674	-0.12336
1.30514	-1.11349
1.73191	-1.54745
1.9261	-1.74203
1.83909	-1.51951
1.58766	-1.14338
1.16851	-0.845643
0.874919	-0.624236
1.20983	-0.926029
1.1879	-1.12611
0.696328	-0.55352
0.158835	-0.114558
0.22383	-0.122826
0.482575	-0.441697
0.630012	-0.677165
0.885838	-0.917093
0.824174	-0.870703
0.648996	-0.733712
0.515468	-0.683576
0.401286	-0.593998
0.307634	-0.678479
0.415171	-0.757478
1.13308	-1.02332
1.10443	-0.899833
0.966247	-0.748279
0.725647	-0.562861
0.890943	-0.714231
0.763303	-0.533379
1.52536	-0.809308
1.44036	-0.909304
1.30837	-1.74939
1.20434	-1.68136
1.16735	-1.6237
1.25922	-1.84855
1.39258	-1.93227
1.218	-1.68667
0.780904	-1.21842
0.845529	-1.20776
0.954724	-1.2279
1.11627	-1.35808
1.25496	-1.4794
1.15343	-1.32576
1.15937	-1.35918
1.05126	-1.2296
0.807823	-0.904342
0.992733	-1.01803
1.00054	-0.976259
0.892104	-0.847717
0.931587	-0.625544
0.745774	0.336587
0.420096	0.00117626
0.609648	0.188285
0.434708	-0.125976
0.545559	-0.10882
0.589571	0.0418086
1.15332	0.859581
0.928391	0.466659
1.11174	0.544152
1.35311	0.972812
0.860976	0.323337
0.49691	-0.0861979
0.794557	-0.559564
0.74958	-1.13527
0.750235	-1.13049
0.958987	-1.292
1.04737	-1.33992
0.966568	-1.16585
1.18087	-1.41233
1.34649	-1.56809
1.16413	-1.01217
1.09458	-1.07535
1.16201	-1.34928
0.894895	-0.823866
0.987632	-0.609873
0.775241	-0.459387
0.845965	-0.751619
1.28715	-1.4482
1.27324	-1.57422
1.7072	-2.13935
1.62422	-2.05141
1.53547	-1.93014
1.26325	-1.58663
1.13981	-1.45086
1.12326	-1.45399
0.810768	-1.17679
0.696921	-1.03866
0.492301	-0.826032
0.34216	-0.884228
0.43606	-0.889419
0.47363	-1.02134
0.600603	-1.14144
0.680054	-1.26188
0.677467	-1.22796
0.635113	-1.13702
0.668272	-1.1193
0.734265	-1.10269
0.796733	-1.06341
0.853259	-1.07737
0.807375	-1.0289
0.769307	-1.01036
0.636372	-0.886135
0.431454	-0.731534
0.115956	-0.502084
0.149704	-0.472044
0.382981	-0.562973
0.594271	-0.78098
0.661915	-0.788103
0.824824	-0.971303
0.90847	-0.87115
0.732294	-0.498554
0.820503	-0.69354
1.03386	-0.883295
0.735732	-0.568839
0.734073	-0.366183
1.64206	-1.68375
1.43615	-1.70276
1.22077	-1.34471
1.62798	-1.70715
2.50776	-2.81788
1.17582	-0.964521
1.52055	-1.68134
1.14396	-1.16278
1.06272	-0.871648
0.912465	-0.524755
0.810127	-0.289009
0.26316	-0.0465765
0.276008	-0.0449957
0.118611	0.0673492
0.0816081	-0.0979269
1.00911	-0.757264
0.969591	-0.550195
0.546657	-0.223783
0.337558	-0.227429
1.04344	-1.36217
1.34833	-1.61788
1.64984	-1.85083
1.84881	-1.97546
2.03522	-2.13407
2.26562	-2.45258
1.76051	-1.473
1.47397	-1.22985
1.51254	-1.38862
1.40508	-1.37575
1.0382	-1.25924
1.28784	-1.59577
1.31499	-1.60735
1.40324	-1.64453
1.45572	-1.64035
1.44263	-1.59894
1.4919	-1.66939
1.41898	-1.57479
1.37489	-1.54783
1.40249	-1.61654
1.42842	-1.61257
1.26598	-1.28162
0.797328	-0.602179
1.18642	-1.01928
0.0465023	-0.361948
0.152189	-0.177946
0.37963	0.0470786
0.315035	0.0755463
0.439789	0.189042
0.582819	0.653624
0.210355	0.101084
0.386623	0.258196
0.949101	0.7068
0.812423	0.720675
1.08065	0.845494
0.852818	0.649415
0.630272	0.239385
1.00447	0.778052
1.00482	0.515088
1.06553	0.643281
0.966565	0.738407
1.27811	1.08924
1.15504	0.763627
0.737388	0.333077
0.4507	0.0651359
0.477908	0.176684
0.58088	0.0301452
0.525404	0.115937
0.408524	0.271983
0.556659	0.236999
0.532432	0.0833863
0.565714	0.0435853
0.626442	0.0549334
0.719431	-0.0195201
0.831428	-0.113853
0.603691	0.0536322
0.716169	-0.174961
0.71326	-0.0662493
0.733077	0.127691
0.497282	-0.152462
0.620118	-0.00955651
1.09734	-0.256522
0.9992	-0.29542
0.845736	-0.0511026
0.701661	-0.155907
0.721081	-0.0983867
0.971077	-0.303554
0.825142	-0.506458
0.868574	-0.833478
0.653558	-0.669945
0.895752	-0.745808
1.03791	-1.15205
1.48877	-1.58538
1.79974	-2.27992
1.29572	-1.79087
1.06079	-1.49933
0.904261	-1.40566
0.897797	-1.43824
0.801678	-1.38039
1.04409	-1.65887
1.05291	-1.30757
1.10906	-1.16419
1.2564	-1.08818
1.0413	-0.717158
1.27854	-0.879193
1.11398	-1.01043
1.04759	-0.783223
0.817446	-0.359737
0.94317	-0.402133
0.727441	-1.19464
0.762787	-1.24112
0.597073	-1.17484
0.680854	-1.28347
0.90133	-1.44743
1.43994	-1.83381
1.24047	-1.48289
1.30193	-1.53665
1.44902	-1.70473
1.52559	-1.86865
0.908288	-1.16432
0.555455	-0.794406
0.53268	-0.648719
0.449952	-0.648863
0.345179	-0.753919
0.608245	-1.02465
0.846332	-0.983271
0.28351	-0.525131
-0.239033	-0.588362
-0.449277	-0.0903119
0.248518	-0.209793
0.363423	-0.42459
0.412544	-0.386467
0.378053	0.0948803
0.437984	-0.273898
0.246675	-0.368865
0.425375	-0.589709
0.969913	-1.01379
0.440762	-0.493441
0.432453	-0.62124
0.745242	-1.14304
0.876851	-1.16702
1.29721	-1.45423
1.41562	-1.77864
0.930772	-0.639232
0.433378	-0.284073
0.250896	-0.514645
0.209807	-0.495965
0.54767	-0.702931
0.472559	-0.55541
0.651905	-0.831046
0.921362	-1.08409
1.60908	-1.90057
1.71072	-2.03955
1.70716	-1.91772
1.82693	-2.02334
1.96	-2.15786
2.01157	-2.17446
2.04706	-2.21875
1.97859	-2.09547
2.0892	-2.28692
2.04058	-2.20785
1.97907	-2.18761
2.01857	-2.30973
1.99216	-2.2753
2.0594	-2.41679
1.94587	-2.24022
1.76147	-1.9961
1.64045	-1.87572
1.36072	-1.48841
0.524601	-0.421033
0.761632	-0.624449
0.649437	-0.668587
0.865078	-0.618421
1.91716	-2.12992
1.82841	-2.03502
1.61284	-1.93081
1.4451	-1.71586
1.75052	-1.85815
1.53805	-1.48584
1.23966	-1.05085
1.37449	-1.10745
1.31115	-0.974605
1.00165	-0.594867
1.02234	-0.499426
0.660161	0.0204274
0.266431	0.171778
0.615081	0.524752
0.738986	0.45638
0.939036	0.513521
0.717342	0.557628
0.71266	0.50857
0.781225	0.450901
0.706213	0.397828
0.453648	0.286071
0.542958	0.160323
0.367038	-0.0976164
0.456311	0.0630588
0.61417	-0.148124
0.746823	-0.0260824
0.783248	-0.41263
0.760735	-0.231684
0.755048	-0.241156
0.827197	-0.336604
0.719317	-0.261529
0.918011	-0.312946
0.922552	-0.283165
0.852366	-0.512931
1.17695	-0.412942
0.964689	-0.379948
1.0924	-0.529159
0.874736	-0.3389
0.935851	-0.424528
0.883433	-0.548024
1.13843	-0.742454
1.18798	-0.811507
0.942874	-0.602834
0.856686	-0.590387
1.12889	-1.15534
0.943467	-0.671458
1.37913	-0.881211
1.27581	-1.18738
-0.157678	-0.327989
0.0369328	-0.100288
-0.0436599	0.0255798
0.627899	-0.369612
0.857947	-0.503615
0.92721	-0.566629
0.821471	-0.540178
1.08807	-0.978618
0.561991	-0.266034
0.548726	-0.412109
0.556617	-0.572748
0.0363381	-0.482493
-0.0609246	-0.628046
0.0117666	-0.566377
-0.0170439	-0.53
0.47904	-0.425066
1.4417	-1.5586
0.873056	-1.01542
0.26641	-0.181672
0.212087	-0.113854
0.617344	-0.432878
0.75917	-0.471258
0.85803	-0.465049
1.0123	-0.479699
1.01494	-0.629041
1.03773	-0.73663
1.16673	-0.850184
1.34697	-1.092
1.03612	-0.829958
0.934122	-0.810281
0.947239	-0.855612
0.985114	-0.951954
0.432365	-0.551304
0.159614	-0.420411
0.0326065	-0.296725
-0.0753138	-0.187603
0.0268906	-0.340778
0.53	-0.652625
1.32768	-1.34573
2.07231	-2.11791
1.93861	-2.06625
1.55542	-1.66546
1.21286	-1.00514
1.0019	-0.922696
0.93531	-0.759135
0.758785	-0.61175
0.791216	-0.5175
0.804201	-0.7817
0.240487	-0.319285
0.124841	-0.3333
0.557461	-0.15204
0.737619	0.211118
0.825625	0.312201
0.624323	0.00994081
0.701047	0.354259
0.426606	-0.0563093
0.488615	-0.215016
1.39727	-1.13254
1.29739	-1.19865
0.996633	-0.400591
1.80953	-1.08475
2.12696	-1.89612
2.12915	-1.71984
2.78696	-2.57141
1.51261	-1.13093
1.53188	-1.28895
1.52223	-1.12969
1.17711	-0.796019
1.55824	-1.25154
1.0666	-0.798153
0.746553	-0.734399
0.145507	-0.140623
-0.0318471	-0.191656
-0.0338576	-0.163571
-0.0334521	-0.0432786
0.185261	-0.135034
-0.149075	-0.260953
-0.132024	-0.383866
0.0748744	-0.134088
0.442229	-0.471755
0.707049	-0.611656
1.1807	-0.550548
0.466082	0.0586716
0.500973	0.0146351
0.607586	-0.283418
1.36625	-0.909529
0.899107	-0.200788
1.0489	-0.643536
0.787646	-0.575994
0.730033	-0.58518
0.647872	-0.605434
0.502847	-0.594097
0.287282	-0.646391
0.625137	-1.31611
0.771276	-1.37266
0.906308	-1.54646
0.475254	-1.03656
0.195054	-0.750694
0.426526	-0.808831
0.558017	-0.831861
0.71987	-0.92277
1.03692	-1.23302
1.32604	-1.54593
1.04608	-1.34589
0.970502	-1.21345
0.847526	-1.26188
0.975823	-1.34772
0.814717	-1.27292
0.934441	-1.39841
1.37659	-1.5725
1.05228	-1.10312
0.920952	-1.0097
0.807363	-1.05443
0.759376	-1.09931
0.719362	-1.13025
0.622502	-1.12184
0.541818	-1.23265
0.343586	-1.18085
0.52897	-1.30255
0.666405	-1.22936
0.704414	-1.00901
0.645508	-0.664833
0.711011	-0.63663
0.899211	-0.27586
0.886308	-0.367738
0.860446	-0.638633
0.870409	-0.616625
0.878504	-0.56121
0.492305	0.164716
0.634506	0.323461
0.383175	0.456718
1.73055	1.4254
1.9285	1.6231
2.03304	1.69564
1.83329	1.46755
1.65672	1.15005
1.44112	0.832608
1.0503	0.242439
1.31653	0.65387
0.712862	-0.243559
0.589694	-0.262363
0.855987	0.00788755
0.976457	-0.170468
0.792823	-0.0763848
0.622653	-0.0255978
0.656678	-0.0324994
0.795037	-0.104569
0.531875	-0.0375944
0.792489	-0.222541
0.916195	-0.524311
0.750805	-0.329955
0.87681	-0.515025
1.05518	-0.551774
1.10683	-0.55047
1.12117	-0.785454
1.00172	-0.941748
1.26621	-1.56404
1.8577	-2.45867
1.92844	-2.54271
1.78221	-2.29556
1.50333	-1.91891
1.02364	-1.3417
0.375026	-0.765196
0.626297	-0.812077
0.543846	-0.558953
0.493721	-0.546528
0.560858	-0.868011
0.520327	-0.779575
0.779444	-0.923694
0.874829	-1.04292
0.900059	-1.04316
0.881935	-1.03368
0.939964	-1.07427
0.988465	-1.18376
1.32813	-1.50445
2.10566	-2.13839
2.61371	-2.63297
0.934769	-0.649985
0.248985	-0.151044
0.470564	-0.359329
0.975826	-0.820274
0.686293	-0.281136
0.552236	-0.321793
0.520507	-0.326019
0.256223	-0.284498
0.136423	-0.254109
0.260232	-0.343253
0.64396	-0.645595
0.43175	-0.6751
0.324746	-0.300805
0.570113	-0.119396
0.504415	-0.132361
0.710613	0.15441
0.851967	0.300344
0.659696	0.152017
0.71574	-0.101384
0.616493	0.336952
0.652291	0.302689
0.710557	0.056839
0.755597	-0.965194
0.900805	-1.3269
0.972629	-1.45382
1.06722	-1.41366
0.933631	-1.19249
1.13863	-1.35669
0.977167	-0.948621
1.07766	-1.04977
1.03048	-0.987834
1.2086	-0.939102
0.780693	-0.527291
0.385371	0.0861956
0.559664	0.450553
1.22836	0.779702
1.41876	0.850128
1.09381	0.682014
0.984205	0.669418
0.589647	-0.189158
0.754809	-0.718019
1.02873	-1.21047
1.00797	-1.2957
1.14394	-1.45105
1.4502	-1.67297
1.51687	-1.6895
1.68202	-1.71391
1.84377	-1.88542
1.94824	-2.01473
2.02694	-2.1527
2.13708	-2.35093
2.21402	-2.48334
1.77887	-1.88644
2.18903	-2.27151
1.60401	-1.61193
1.31615	-1.19517
1.48939	-1.19823
1.52366	-1.16908
1.28281	-0.82949
1.12856	-0.698172
1.26457	-0.776688
1.11958	-0.480892
0.952642	-0.370135
1.17017	-0.563269
0.307338	0.20151
0.192162	0.0917076
0.173053	-0.217857
0.748192	0.591905
0.758241	0.652313
0.432168	0.156184
0.38321	0.389412
0.235405	0.118714
0.618828	0.0144426
0.829199	-0.223511
0.953815	-0.215063
0.888766	-0.0577542
1.02638	-0.399701
0.936423	-0.230482
0.816869	-0.16831
0.808943	-0.109042
0.845725	-0.0804353
1.11866	-0.224124
0.976908	-0.499452
0.848858	-0.212255
1.01491	-0.157723
0.698963	-0.198224
0.891485	-0.111153
0.950489	-0.493937
1.04817	-0.118388
1.02607	-0.451691
0.73157	-0.0420584
0.913867	-0.261185
1.0492	-0.417371
0.985543	-0.324864
1.07653	-0.399979
0.762138	-0.0098482
0.780981	-0.24786
0.979574	-0.373703
0.982468	-0.458755
0.993885	-0.388596
0.702958	-0.309973
1.53714	-1.07453
1.27644	-0.947455
1.50209	-1.60161
1.11766	-1.29971
0.846475	-1.11772
1.03295	-1.2819
1.16227	-1.46233
1.38342	-1.76416
1.33298	-1.35487
1.05337	-1.02834
0.999402	-0.929083
1.22285	-0.466785
1.06425	0.169006
1.13958	-0.184846
0.647322	-0.222331
0.430918	-0.554918
0.0539354	-0.208544
0.819193	-0.659738
1.00281	-0.754972
0.965582	-0.561584
1.25282	-0.466329
1.01949	-0.758086
0.783117	-0.520487
0.699633	-0.55245
0.518075	-0.565069
0.921231	-0.889103
1.03641	-1.08559
1.38721	-1.36026
1.46385	-1.48898
1.49245	-1.45214
1.60735	-1.57533
1.61287	-1.56738
1.55043	-1.48874
1.42724	-1.29155
1.38809	-1.22798
1.00619	-0.687448
0.972252	-0.770977
1.09052	-1.12527
0.814204	-0.683154
1.09931	-1.15696
1.57005	-1.48455
1.07414	-0.972298
0.648246	-0.43227
0.698615	-0.0439222
0.808009	0.036956
0.217055	-0.250777
0.705321	-0.423986
1.03816	-0.763436
1.04389	-0.714905
0.748081	-0.308089
0.629376	-0.402501
0.808634	-0.18252
0.840963	0.305494
1.59525	0.986583
1.59088	0.798664
0.861195	-0.363485
0.81147	-1.18274
0.586977	-1.05552
0.341136	-0.941869
0.181916	-0.869195
0.274764	-0.809349
0.293451	-0.77143
0.251867	-0.673675
0.201138	-0.681687
0.286309	-0.614366
0.523918	-0.685625
0.775847	-0.871866
1.32701	-1.38745
2.3336	-2.44345
0.939003	-0.480096
0.69804	-0.589504
0.944913	0.0835666
0.701107	0.333089
0.949061	0.690245
0.802096	0.332221
0.324312	0.181657
0.523427	0.431417
0.0683791	0.147094
0.77042	-0.502902
0.919168	-0.704704
0.960717	-0.560867
0.814942	-0.277462
0.887501	-0.410217
0.71754	-0.19331
0.921056	-0.427969
0.9184	-0.446058
0.944754	-0.496437
0.0348548	0.130512
-0.0115927	0.0166113
0.108536	0.293833
0.373222	0.197943
0.358709	0.0698894
0.700387	-0.231154
0.965616	-0.33396
0.857516	-0.360059
0.808348	-0.303546
0.938614	-0.407117
0.861329	-0.310886
0.867001	-0.283636
0.888145	-0.295302
0.735829	-0.32803
0.719174	-0.354471
0.681607	-0.215236
0.705214	-0.21163
0.654616	-0.594541
0.660331	-1.24793
0.812829	-1.28325
1.00516	-1.42033
1.05863	-1.37037
0.996267	-1.41331
1.13113	-1.52516
1.14934	-1.58531
1.59773	-2.10182
2.36313	-2.90691
1.0219	-1.48321
0.746632	-1.15981
0.665292	-0.987397
0.738018	-1.16544
0.160417	-0.422104
0.250435	-0.468235
0.447556	-0.545227
0.542863	-0.574839
0.634211	-0.475759
0.65118	-0.428517
0.641433	-0.0728817
1.11287	0.512569
0.537663	0.117444
0.595795	0.260159
0.430275	0.227341
0.384086	0.292995
0.533833	0.431867
0.301484	0.106471
0.64174	-0.315118
1.10395	-0.82354
1.48793	-1.27365
1.61893	-1.74667
1.95881	-2.29108
2.00539	-2.36872
1.67124	-1.98383
1.82624	-2.27271
1.55417	-1.9575
1.47083	-1.94771
1.338	-1.81472
1.20904	-1.62972
1.38147	-1.83588
1.59864	-1.98119
1.44203	-1.76705
1.12235	-1.31926
0.847554	-0.858338
1.23342	-1.47396
1.04875	-1.25887
1.16548	-1.31514
1.12868	-1.24501
1.12661	-1.24776
1.27996	-1.55784
1.20868	-1.43715
1.19211	-1.01292
1.52793	-1.83893
1.41659	-1.72862
1.25613	-1.63196
1.14244	-1.52578
1.10624	-1.4758
1.50043	-1.85296
1.37041	-1.83604
1.3411	-1.88443
1.13801	-1.28433
1.39484	-1.5059
1.16151	-1.09937
0.709825	-0.287368
0.810294	-0.591941
1.73714	-1.88417
1.56064	-1.67616
1.56351	-1.58638
1.74954	-1.85206
1.74173	-1.9392
1.84251	-2.07967
1.59567	-1.82496
1.99415	-2.14814
1.77891	-1.73842
1.06719	-1.11393
0.69863	-0.238563
0.792277	-0.224614
1.57057	-1.74874
1.65473	-1.90211
1.51466	-1.70288
0.735655	-0.454695
1.69778	-1.82063
1.71654	-1.9088
1.8061	-2.04527
1.75267	-1.92375
1.655	-1.75702
1.52408	-1.56942
1.5868	-1.6474
1.74094	-1.82878
1.69522	-1.73552
1.81137	-1.87858
1.83705	-1.85405
2.03988	-2.07272
2.12087	-2.07684
2.17283	-2.18174
2.44611	-2.69805
2.46504	-2.83369
2.30889	-2.68462
2.01053	-2.42239
1.91826	-2.34955
1.81752	-2.15543
1.78928	-1.95613
1.74935	-1.83735
0.86992	-0.745388
0.945336	-0.864188
1.79513	-1.39467
1.66513	-1.37278
1.54127	-1.13512
1.25004	-0.626762
1.04197	-0.221204
1.00731	-0.482767
0.941047	-0.417511
0.921521	-0.439136
1.05981	-0.500108
1.12365	-0.625914
0.974259	-0.550926
1.195	-0.682177
1.27545	-0.876161
1.00875	-0.650045
0.892221	-0.564406
1.09801	-0.43145
0.999348	-0.537518
0.840308	-0.25077
0.987875	-0.313747
0.880783	-0.209849
0.763373	-0.274689
0.885887	-0.190713
0.95345	-0.352663
0.989479	-0.369567
0.928088	-0.372581
1.04398	-0.584166
0.636031	-0.086683
1.01659	-0.355362
1.09121	-0.620437
0.167968	-0.409496
0.660096	-0.668467
0.806065	-0.826029
1.00579	-1.1076
1.41165	-1.46768
2.31157	-1.96643
1.23243	-1.18142
1.19734	-1.08567
1.21396	-1.14432
0.920801	-0.524891
0.498878	-0.45625
0.154756	-0.138713
0.186729	-0.171819
0.332604	-0.128168
0.959806	-0.81301
0.615474	-0.763453
0.441709	-0.590585
0.408432	-0.538857
0.438079	-0.752652
-0.00758937	-0.445349
0.200178	-0.412013
0.370555	-0.71622
0.28262	-0.630081
0.197755	-0.506677
0.225064	-0.498537
0.230292	-0.54732
0.262094	-0.70199
0.257269	-0.68832
0.0962007	-0.637882
0.207579	-0.712065
0.183034	-0.655615
0.0847363	-0.633849
0.0824493	-0.668287
0.358377	-0.812963
0.230853	-0.778058
0.112153	-0.800611
0.410555	-0.957012
0.394311	-1.03294
0.255758	-1.07758
0.573107	-1.20834
0.528948	-1.18051
0.50973	-0.994985
0.6192	-0.977776
0.658756	-0.795672
0.855414	-0.823485
1.48217	-1.74375
1.06165	-1.59309
1.04287	-1.32615
1.18915	-1.66498
0.969011	-1.73576
1.14985	-1.6619
1.22235	-1.3694
0.879093	-0.832716
1.14174	-1.14673
1.12549	-1.18551
1.05447	-1.20985
0.552816	-0.724519
1.04543	-1.20589
1.17158	-1.32319
1.3427	-1.35503
1.06474	-0.989696
0.770834	-0.49464
0.789826	-0.229511
0.949302	-1.0579
1.00554	-1.2269
1.10038	-1.28501
1.22374	-1.3359
1.24647	-1.32796
1.51115	-2.00026
1.73718	-2.4914
1.43358	-2.07433
1.10812	-1.59517
0.980511	-1.27516
0.861625	-1.16048
0.859981	-1.20534
0.933262	-1.27666
1.34421	-1.67788
1.61567	-2.08976
1.66887	-2.21127
1.71535	-2.19198
1.73568	-2.17603
1.611	-2.02976
1.47982	-1.80304
1.75759	-2.06927
1.57856	-1.5636
1.43537	-1.33011
1.41049	-1.30142
1.42955	-1.34371
1.44024	-1.38034
1.39461	-1.33311
1.22022	-1.15129
1.22226	-1.26081
1.98617	-2.68327
1.94032	-2.66656
2.02968	-2.79023
2.06139	-2.81966
2.19186	-2.90559
1.84263	-2.46173
1.85479	-2.30145
1.73422	-1.93143
1.80443	-1.83073
2.26537	-2.5185
2.10785	-2.16919
1.56981	-1.64652
1.559	-1.67389
1.5396	-1.46101
1.0786	-1.0552
1.1321	-1.11255
1.33899	-1.37016
1.11863	-0.872663
1.03907	-0.564788
0.94545	-0.472366
0.748278	-0.254785
0.659782	-0.160468
0.816996	-0.394374
0.794636	-0.483323
0.89245	-0.52205
0.962291	-0.8397
0.861004	-0.938569
0.913739	-1.22147
0.607133	-0.655219
0.478311	-0.435863
0.238292	-0.0866752
1.18501	-0.864163
0.980718	-0.65267
0.923507	-0.720487
0.662999	-0.393349
0.332796	0.0909833
1.11808	-0.445838
1.26711	-0.805752
1.21196	-0.79148
0.889271	-0.602416
0.574787	0.228183
0.526017	0.345718
0.301819	0.471936
0.344764	0.337361
0.828097	-0.239175
1.16471	-1.36032
1.27049	-1.18499
1.07538	-1.17064
0.779734	-0.841869
1.04882	-1.2015
1.45544	-1.75389
1.74045	-2.06731
1.63471	-2.0038
1.77847	-2.02663
1.29101	-1.41117
1.25473	-1.3079
1.13334	-1.21838
1.31823	-1.36889
1.60067	-1.60365
1.72105	-2.03745
1.23406	-1.49407
1.27862	-1.40997
1.56586	-1.92592
0.19042	-0.317353
0.118525	-0.126724
-0.283891	-0.0299319
0.459955	-0.312432
0.78662	-0.461874
0.832091	-0.493852
0.814898	-0.612925
0.833359	-0.852747
0.47912	-0.523155
0.379337	-0.179238
0.49713	-0.373398
0.459304	-0.311938
0.459881	-0.401261
0.890834	-0.962941
1.15088	-1.1458
0.742358	-0.639682
0.256689	-0.289512
0.26959	-0.296805
0.17161	-0.383345
0.17917	-0.0799629
0.565012	-0.0902606
0.701922	-0.29041
0.867281	-0.465865
0.536624	0.260905
0.582866	0.453811
0.675562	0.31554
1.08271	0.513482
0.774686	-0.237962
0.588206	-0.413212
0.779942	-0.246524
1.38037	-1.53846
1.53623	-1.82525
1.75855	-2.09898
1.90109	-2.22579
2.03124	-2.3893
2.13689	-2.52842
2.26522	-2.75683
1.89238	-2.30048
1.73517	-2.15339
1.55577	-2.00255
1.41362	-1.62776
1.37802	-1.47974
0.83777	-0.92779
0.889711	-0.645642
1.17366	-0.912558
1.03392	-0.790503
0.818695	-0.419018
1.0129	-0.499265
0.977512	-0.253162
0.966728	-0.277459
1.15185	-0.579956
1.07007	-0.611363
0.866561	-0.557229
1.04609	-0.567619
0.89351	-0.459977
0.966803	-0.488041
0.582726	-0.0735621
0.946122	-0.203968
0.79992	0.0176822
0.934959	-0.206336
1.04773	-0.337429
0.865103	-0.178637
0.807883	-0.0844068
0.713891	0.0326032
1.06035	-0.57461
0.831502	-0.10308
0.816657	0.0575274
1.07502	-0.263996
0.953757	-0.308704
0.706194	0.0695872
1.0458	-0.477742
1.05264	-0.317275
0.848145	-0.17567
1.06211	-0.653513
1.36573	-1.57342
1.49396	-1.76753
0.981143	-1.41343
0.829723	-1.37791
0.224631	-0.741718
0.193335	-0.666036
0.671442	-1.08706
0.943875	-1.4753
0.876391	-1.27998
1.10317	-1.49038
1.54299	-1.8558
1.20613	-0.966687
0.983874	-0.658351
0.965918	-0.748383
0.845785	-0.591646
0.708249	-0.40565
0.670373	0.0380988
0.0424246	0.446677
0.134807	0.268709
0.185063	0.159002
0.432263	-0.641462
1.23471	-1.17535
1.67985	-1.70885
1.90777	-1.91361
2.0431	-1.9252
1.65519	-1.39929
1.14496	-0.701843
0.923481	-0.554662
0.919694	-0.477994
1.43247	-1.02883
0.882507	-0.811922
0.437586	-0.342052
0.178294	-0.0711698
0.186986	-0.0930438
0.100864	0.00251536
0.0626307	0.226361
0.246824	-0.0572603
0.284298	-0.210838
0.263981	-0.260067
0.136583	-0.00990986
0.203242	0.0487466
-0.0283224	0.396842
-0.0423387	0.0978216
-0.508452	0.195649
-0.4052	0.0799881
-0.0467594	0.00311731
0.0233896	0.0803541
0.161967	0.0920078
0.496936	-0.468415
0.523103	-0.210894
0.613453	-0.165426
0.894192	-0.23403
0.679984	-0.271793
0.959063	-0.31433
0.784036	-0.522372
0.567546	-0.902078
0.360597	-0.730283
0.00433319	-0.41854
0.118911	-0.608915
0.247963	-0.743292
0.404246	-0.873952
0.919668	-1.37371
1.26995	-1.65725
1.81491	-2.27131
1.81418	-2.24416
1.05906	-1.50999
1.00457	-1.50241
0.972765	-1.51072
0.828052	-1.33947
0.903194	-1.21308
1.25708	-1.46353
1.14931	-1.31144
0.991893	-1.02204
1.33237	-0.914332
0.425256	-0.373721
0.429432	-0.157014
0.633872	0.0577009
0.521261	0.120938
0.60756	0.229385
0.902978	0.712485
0.958438	0.562796
0.698206	0.506971
0.800423	-0.00919758
0.927705	-0.989194
0.987977	-1.13559
1.23239	-1.46273
1.59156	-1.93455
1.94014	-2.37445
2.31451	-2.8559
2.32833	-2.81546
2.67072	-3.22544
2.43799	-2.81895
2.27475	-2.49304
1.94815	-1.92421
1.94983	-2.07557
1.64357	-1.72685
1.81766	-2.08568
1.68283	-1.73212
1.43063	-1.05357
1.28378	-0.784547
1.56275	-1.0114
1.2766	-0.76746
1.40225	-0.81138
1.18312	-0.628455
1.04356	-0.475803
1.05403	-0.418529
0.932689	-0.262857
0.848227	-0.339119
0.991251	-0.36574
0.826269	-0.27917
0.732492	-0.131827
0.752133	-0.0283945
0.79878	-0.275303
0.744511	0.0380063
0.896372	-0.350662
0.999918	-0.331819
0.787868	-0.423223
0.965755	-0.401948
0.811521	-0.0283495
0.904095	-0.296024
1.12706	-0.440467
1.09938	-0.368583
0.565304	-0.00199997
0.957476	-0.250883
1.05852	-0.564463
0.77828	-0.45203
1.00788	-0.790992
0.950877	-0.748891
0.868414	-0.753421
0.740152	-1.09598
0.241714	-1.16736
0.516918	-1.33363
0.690181	-1.40663
0.685281	-1.35906
0.673269	-1.33572
0.68284	-1.29929
0.627686	-1.18468
0.670972	-1.12433
0.653989	-0.978893
0.631111	-0.889603
0.634705	-0.87355
0.726571	-0.80878
0.750316	-0.806023
0.645549	-0.611585
0.520941	-0.45681
0.520707	-0.438991
0.679977	-0.490646
0.790996	-0.392517
-0.0554277	0.119241
0.139989	0.205664
0.61124	0.40729
0.420376	0.107246
0.5743	-0.00461255
0.993485	0.464945
1.06363	0.583016
1.06534	0.761472
0.305802	0.271866
0.62727	0.161218
0.766222	-0.790563
1.43022	-1.45235
0.886034	-0.907302
0.808206	-1.03967
0.834687	-1.14711
0.782704	-1.05439
0.858057	-1.20145
0.605196	-0.974538
0.623618	-1.0616
0.483058	-1.01424
0.64618	-1.31288
0.378169	-1.16451
0.510921	-1.23494
0.684806	-1.38547
0.669716	-1.26265
0.707817	-1.13612
1.27567	-1.61328
1.61837	-1.95092
1.37695	-1.65042
1.10377	-1.09495
1.66113	-1.65721
1.22971	-1.48452
0.94409	-1.33586
0.706313	-1.11282
0.812895	-1.0791
0.766305	-1.03384
0.844874	-0.988844
0.594809	-0.91253
0.0262108	-0.838373
0.0681314	-1.1289
0.190984	-1.11292
0.408315	-0.862538
1.01235	-1.07019
0.607931	-0.717798
0.896348	-0.722578
-0.0778598	-0.0835331
-0.0340757	-0.188813
0.363094	-0.154776
0.730462	-0.00826765
0.561708	0.131556
0.718529	0.0639413
0.681747	0.204984
0.773803	0.152619
0.702207	0.574482
0.792991	0.213237
0.826152	-0.212225
1.24103	-0.735018
1.17063	-1.18151
1.20177	-1.36761
1.27712	-1.58582
1.10164	-1.32709
0.887546	-1.0394
1.6378	-1.43856
2.08384	-1.57133
2.22821	-1.5422
2.49064	-2.00745
2.32394	-2.06297
3.13561	-2.93489
2.58232	-1.83909
2.03384	-1.80463
1.61177	-1.55081
1.82977	-1.98811
1.60586	-1.61004
1.42849	-1.41801
1.58073	-1.68027
1.3366	-1.43506
1.09077	-1.2123
0.931151	-1.08859
0.986303	-1.22132
1.10745	-1.36949
0.699826	-0.834754
-0.0775219	-0.665073
-0.125227	-0.256215
-0.203408	-0.171871
0.29746	-0.326352
0.790153	-0.908304
0.632178	-0.756153
0.764696	-0.796938
0.712099	-0.8087
0.163413	-0.712997
0.577866	-0.116733
0.932466	0.130457
1.17517	0.455452
1.06845	-0.629503
1.60808	-1.23238
1.0924	-0.658493
0.693501	-0.344867
1.01442	-0.689268
0.552541	0.233677
0.52589	0.361306
1.00811	-0.569178
1.41375	-1.70673
1.16017	-1.61265
1.04199	-1.71187
1.78235	-2.31298
2.55811	-3.10581
2.12841	-2.19985
1.36214	-1.17707
1.08208	-1.01519
1.3209	-1.37221
1.03619	-0.806017
1.29414	-0.93316
1.07437	-0.71838
1.02104	-0.661565
0.964504	-0.499332
1.0667	-1.04948
1.16707	-1.50781
0.998577	-1.41014
0.849568	-1.34223
0.789563	-1.30795
0.782738	-1.32449
0.846629	-1.3828
0.877661	-1.40278
0.949474	-1.38494
1.18278	-1.59413
1.56557	-2.01808
1.57566	-1.97642
1.60455	-2.00551
1.49103	-1.79454
1.63681	-1.99331
1.58364	-1.91897
1.6454	-1.98247
1.75552	-2.10858
1.75407	-2.08531
1.28599	-1.46866
1.01948	-0.939701
1.10499	-1.163
1.11484	-0.980766
0.869312	-0.482249
0.445959	0.25325
0.719824	0.51716
0.78967	0.582194
0.559819	0.299787
0.451472	0.206085
0.603514	0.595252
0.718605	0.46126
1.04436	0.952626
0.965062	0.445924
1.09184	0.499507
1.21751	0.499932
0.896763	0.0653257
1.04057	0.775587
0.72721	0.611978
1.062	0.475161
0.671994	0.112208
0.517232	-0.181143
0.91689	-0.0947147
0.483938	0.0952286
0.702735	-0.164684
0.638568	-0.317293
0.596649	0.0724862
0.381128	-0.000735048
0.700661	0.0443929
0.816246	-0.320105
0.728879	-0.284952
0.8329	-0.168244
0.831603	-0.269126
0.890242	-0.490543
0.904846	-0.273719
1.00931	-0.226964
0.869654	-0.188263
1.2095	-0.610785
1.19078	-0.551778
1.14175	-0.567207
1.11863	-0.668374
0.92848	-0.351704
0.953025	-0.197746
1.11764	-0.448901
0.876667	-0.0515003
0.818695	-0.19565
1.11143	-0.361434
0.766238	-0.140351
1.01362	-0.338707
0.83628	0.0673125
0.878309	0.0212652
0.740036	-0.188753
1.01484	-0.981106
0.721258	-0.761043
0.814413	-0.604657
1.10258	-0.942844
1.07877	-0.923998
1.04892	-0.847056
1.33732	-1.29323
1.28208	-1.13698
1.15525	-0.98989
0.610121	-0.36244
0.674997	0.0434878
0.898442	0.113751
0.923005	-0.0451657
0.927439	-0.264681
1.42566	-1.17783
1.6618	-1.57042
1.61511	-1.55522
1.63955	-1.72499
1.79842	-2.07413
2.03649	-2.54657
2.00717	-2.47074
1.43552	-1.75711
0.973325	-1.18834
0.811277	-0.976767
0.60715	-0.671056
0.399394	-0.430185
0.32517	-0.234196
0.465347	-0.280257
0.71971	-0.608824
0.464926	-0.290561
0.338032	-0.317763
0.967579	-0.939041
0.798008	-0.674111
0.698839	0.351333
0.586678	0.546425
0.619795	0.16495
0.268626	-0.11499
1.04559	0.574268
0.89015	0.270853
0.647568	-0.223254
0.269831	-0.504304
0.633599	-0.970145
0.778422	-1.14248
0.733211	-1.06328
1.08911	-1.21336
1.19344	-1.18427
1.25821	-1.13475
1.27461	-1.03586
1.36939	-1.08223
1.37767	-1.07651
1.56042	-1.60415
1.20626	-1.11661
1.23064	-1.13042
1.3526	-1.17278
1.48656	-0.77452
1.72127	-1.00002
0.997919	-0.602261
0.626139	-0.334246
0.707152	-0.411444
0.783392	-0.386914
0.754464	-0.298915
0.720828	-0.28356
0.839017	-0.476681
0.974232	-0.478831
0.806764	-0.293578
0.866156	-0.271058
0.736004	-0.142274
0.756629	-0.413913
0.835918	-0.400634
0.524955	-0.0909085
0.472487	-0.0250889
0.498778	-0.19314
0.733612	-0.58488
1.08123	-0.862183
1.27249	-1.01293
0.937638	-0.713086
0.876651	-0.685748
1.07437	-0.846056
1.10691	-0.978286
1.03879	-0.937977
1.10608	-0.920299
1.02996	-1.01376
0.797766	-0.996513
0.580392	-0.879698
0.579435	-0.843625
0.543594	-0.825875
0.496976	-0.79187
0.345918	-0.712733
0.328864	-0.815509
0.454589	-0.935774
0.460123	-0.902236
0.435977	-0.90389
0.421332	-0.816063
0.522693	-0.812614
0.542118	-0.662314
0.586443	-0.788931
0.66643	-0.846068
0.730693	-0.802951
0.788573	-0.818609
0.628349	-0.788199
0.147139	-0.537496
0.235897	-0.381771
0.26394	-0.125434
0.733161	-0.731332
0.630572	-0.754072
1.14299	-1.18904
1.55505	-1.71164
1.66607	-1.91199
1.60614	-1.56428
1.67088	-1.68818
1.41779	-1.50502
1.47134	-1.27201
1.38054	-1.38112
1.50091	-1.48366
1.33515	-1.19819
1.34779	-1.29053
1.10013	-1.04624
1.32219	-1.40902
1.49093	-1.73402
1.90034	-2.29568
2.28431	-2.73086
2.46183	-2.95146
2.48783	-2.98012
2.20977	-2.63237
2.1445	-2.55757
2.32947	-2.8097
2.29496	-2.76247
2.18146	-2.63062
1.9428	-2.42637
1.56135	-2.01389
1.28975	-1.64618
1.22431	-1.55805
1.18839	-1.52244
1.00002	-1.28914
0.750687	-1.10867
0.513002	-0.775269
0.0690557	-0.276759
0.711939	0.283725
1.24329	0.906606
1.24704	0.963521
0.878119	0.681421
0.959294	0.86499
1.00521	0.955655
0.770501	0.515716
1.05084	0.885249
0.925425	0.780968
0.447144	0.609731
0.772039	0.907694
0.858444	0.90579
0.933796	0.756315
0.798339	0.578649
0.559363	0.148462
0.565012	0.320545
0.641947	0.267395
0.478679	0.0342604
0.502552	0.149497
0.489751	0.336866
0.399856	0.288779
0.531771	0.275244
0.654135	0.203583
0.592684	0.249566
0.721154	0.237833
0.63833	0.2418
0.580965	0.25684
0.797857	-0.0998128
0.896433	-0.12345
0.727019	-0.100969
0.773236	-0.20788
0.81717	0.0987288
1.09422	-0.127304
1.00382	-0.09805
0.989065	-0.136355
0.972534	-0.289766
0.84999	-0.290404
1.0651	-0.400971
0.89898	-0.423234
0.726776	-0.169457
0.842248	-0.214153
1.2403	-0.492857
1.05814	-0.682467
0.928314	-0.377786
0.856594	-0.451143
0.705552	-0.135537
0.941331	-0.354966
1.00121	-0.368229
0.998672	-0.455208
1.07705	-0.472963
0.882823	-0.480358
1.13082	-0.912962
1.32059	-0.695511
1.0063	-1.12078
1.2274	-1.38787
0.631384	-0.929601
0.372897	-0.68368
0.270559	-0.605776
0.202226	-0.643756
0.623604	-0.99271
0.775068	-0.932189
1.18484	-1.34226
1.46684	-1.30961
1.35541	-0.783912
0.90626	-0.657021
1.05592	-0.52242
0.991343	-0.579884
1.12632	0.141595
1.10281	0.00269382
1.21457	-0.299658
1.83324	-1.52605
1.40887	-1.36648
1.60032	-1.58174
1.75001	-1.71077
1.95726	-1.96834
1.87289	-1.86413
1.5935	-1.50111
1.25455	-1.0445
0.903232	-0.59523
1.04268	-0.843931
0.617247	-0.509723
0.250548	-0.638492
-0.0961027	-0.267393
-0.204199	-0.194479
-0.00223087	0.165824
0.144122	0.168907
0.261223	-0.346212
0.180474	-0.199447
0.961054	-0.674793
0.91499	-0.759485
0.405407	-0.415157
0.0707949	-0.188456
-0.0625829	-0.149031
-0.101625	-0.0762276
-0.0657077	-0.010096
0.0871214	-0.228146
0.132798	-0.449096
0.052412	-0.444169
0.131255	-0.602828
0.301831	-0.624001
0.41499	-0.568921
0.461854	-0.60835
0.520757	-0.696585
0.614375	-0.83011
0.838844	-1.0294
1.17943	-1.29561
0.517292	-0.783498
0.445077	-0.594611
0.348364	-0.448284
0.554444	-0.261966
1.67973	-0.90407
1.08316	-0.104997
1.03677	0.557722
1.21187	0.956607
1.14159	0.846199
1.80237	1.45433
1.64307	1.24604
1.22645	0.808148
1.28846	0.865827
1.37483	0.759118
1.22211	0.397388
0.644821	-0.482941
0.634821	-0.753005
0.715401	-1.0034
0.70154	-1.00151
0.756645	-1.04643
0.874198	-1.13731
0.886434	-1.09244
0.871997	-1.05345
0.81135	-0.990939
0.841088	-0.961905
0.935111	-1.05099
0.92923	-1.0399
0.807406	-0.934621
0.77636	-0.909941
0.588058	-0.723763
0.586072	-0.756186
0.518829	-0.688424
0.520623	-0.677541
0.509031	-0.75596
1.03399	-1.06279
1.26616	-1.07799
1.18697	-1.11603
0.709828	-0.547774
0.703184	-0.515522
0.19049	-0.459532
0.0682608	-0.369412
0.199195	-0.422433
0.240662	-0.488171
0.404573	-0.643634
0.958805	-1.11558
1.37867	-1.78081
0.97497	-1.50926
0.946784	-1.44798
0.584708	-1.01453
0.474011	-0.896953
0.239715	-0.647674
0.396754	-0.710657
0.544444	-0.802989
0.66929	-0.92802
0.666993	-0.899631
0.862936	-1.04189
0.749687	-0.944552
0.809955	-0.992458
0.926224	-1.15915
1.08472	-1.28746
1.10969	-1.30512
1.31158	-1.37497
1.24554	-1.06905
1.14682	-0.90079
1.02982	-0.817824
0.947424	-0.888443
1.22743	-1.59977
1.51251	-1.96528
1.41788	-1.80522
0.87406	-0.85414
0.502854	-0.461617
0.638052	-0.443933
0.686887	-0.379786
0.865702	-0.402426
0.5424	-0.316323
0.69174	-0.234082
0.66192	-0.0443015
0.653807	-0.0882917
0.865494	0.0111057
0.929141	-0.258452
0.90552	-0.425291
1.40985	-0.752146
1.0768	-0.91489
1.21724	-1.19444
2.08899	-1.92054
2.46442	-2.36666
1.56227	-1.21629
1.78186	-1.51375
1.00405	-0.832896
-0.0109733	-0.0365489
0.13725	-0.119288
1.31562	-1.0082
1.09102	-0.704282
1.26652	-0.988259
1.10025	-0.663324
0.566979	-0.102249
0.0823426	-0.125254
1.24888	-1.67044
1.32195	-1.65814
2.47112	-2.56132
2.19918	-2.63067
2.06544	-2.68396
1.91973	-2.60053
1.79328	-2.09125
1.85455	-1.85147
1.90626	-1.83688
1.9799	-1.90715
1.91858	-1.80255
1.97999	-1.87084
2.18646	-2.16475
1.97997	-1.9306
1.60391	-1.54846
1.4704	-1.4443
1.30697	-1.36192
1.65306	-1.81228
1.26204	-1.04541
1.14102	-0.953686
0.957023	-0.45974
1.10295	-0.464306
0.898787	-0.265341
1.05767	-0.389976
0.989532	-0.465737
1.04529	-0.509715
1.12414	-0.594202
1.09197	-0.500592
1.05906	-0.473271
1.0277	-0.527019
0.854807	-0.277673
0.600932	-0.147017
0.599043	-0.112822
0.981987	-0.30495
0.792627	-0.186785
0.66439	-0.144531
0.679472	-0.235181
0.476159	-0.0240233
0.857998	-0.283563
0.901956	-0.179249
0.797482	-0.00946241
0.810159	-0.0884864
1.0262	-0.316542
1.08257	-0.215184
1.15263	-0.288259
1.00244	-0.19775
0.90219	-0.259952
0.823794	-0.408518
1.20661	-0.59415
0.822328	-0.174578
1.11646	-0.481514
1.04766	-0.402585
0.780661	-0.0942944
0.893171	-0.203526
0.819211	-0.246695
1.23684	-0.557053
1.05784	-0.401194
0.960909	-0.0742506
0.984475	-0.288654
1.08538	-0.549592
1.04831	-0.526359
0.999533	-0.2959
1.03829	-0.365037
0.811467	-0.0739321
0.89711	-0.00558382
0.991683	0.60855
0.932973	0.0644331
1.21261	-0.610547
1.01127	-0.286191
0.447039	-0.172618
0.726594	0.102095
0.00220892	-0.540831
0.126095	-0.660327
0.473839	-1.15109
0.608422	-1.2243
0.734616	-1.33207
1.10532	-1.7397
1.571	-2.3092
0.515536	-0.766578
0.641492	-0.91057
0.858181	-1.12093
0.806917	-0.987221
0.769636	-0.939267
0.724233	-0.886099
0.719243	-0.917278
0.335964	-0.547762
0.311178	-0.569237
0.0484917	-0.192074
0.0545395	-0.0511186
0.332833	-0.286864
0.523638	-0.377681
-0.271959	-0.00870516
-0.045478	-0.0981952
0.016254	0.291023
0.230529	0.164067
0.168459	-0.030827
0.345368	-0.38869
0.471731	-0.728188
0.457403	-0.703178
0.513751	-0.886098
0.244948	-0.607905
0.234736	-0.542989
0.452348	-0.666636
0.614761	-0.783785
0.715879	-0.742088
0.466529	-0.480202
0.509179	-0.523484
0.651019	-0.804565
0.454766	-0.833062
0.411759	-0.656807
0.501921	-0.720232
-0.0352245	-0.276902
-0.198736	-0.416812
-0.0148755	-0.443645
-0.00209049	-0.098458
0.703424	-0.679429
0.672114	-0.555963
1.26244	-1.08121
1.58896	-1.5453
1.24156	-1.22761
1.45387	-1.44147
1.52801	-1.4772
1.70248	-1.6722
2.21235	-2.31378
2.3401	-2.60414
2.04234	-2.29552
1.10057	-0.967384
0.620734	-0.309406
1.29602	-0.960563
1.36451	-1.08723
1.43022	-1.21018
1.72086	-1.68481
1.62152	-1.58171
1.63889	-1.60089
1.47668	-1.42771
1.45618	-1.45036
1.55147	-1.56395
1.76811	-1.63164
1.44471	-1.19072
1.31512	-1.09113
1.41796	-1.15893
1.33042	-1.02518
1.09009	-0.751601
1.08602	-0.571534
1.1461	-0.645893
1.17724	-0.692878
1.06631	-0.535766
1.26281	-0.921753
1.06537	-0.53001
1.23227	-0.616093
0.988945	-0.487753
0.901511	-0.390832
0.602469	-0.115051
0.658195	-0.20562
0.758003	-0.183093
0.642247	0.0977276
1.04891	-0.29024
0.845781	-0.056265
1.14059	-0.490825
1.31206	-0.618463
1.44475	-0.795627
1.5157	-1.02143
1.25855	-0.602098
1.07357	-0.553872
0.815349	-0.176392
1.04781	-0.360132
1.11544	-0.583528
0.774943	-0.0443464
0.977318	-0.207586
1.30855	-0.625899
0.703057	0.0837928
0.920635	-0.322208
1.05342	-0.438643
0.907622	-0.357652
1.07362	-0.367661
1.21591	-0.605326
0.89108	-0.528758
0.725849	-0.217766
1.05094	-0.414231
0.860578	-0.252284
1.14794	-0.503125
1.0691	-0.474183
1.20915	-0.858547
0.970221	-0.757235
1.0378	-0.785442
1.10217	-1.18314
1.79768	-1.93168
1.56371	-1.62369
1.54518	-1.61569
1.61585	-1.60019
1.28718	-1.13416
0.448147	-0.298377
-0.212168	0.0462343
0.436298	-0.29211
0.412641	0.165897
0.139053	0.32013
0.320224	0.314087
0.249728	0.136828
0.270764	0.118025
0.171609	0.272167
0.471536	0.229044
0.998695	-0.796948
1.0093	-1.06987
0.887681	-0.915339
0.716166	-0.723187
0.831809	-0.552414
0.553351	-0.512935
0.38628	-0.816883
0.789571	-1.26215
0.794954	-1.1943
1.27435	-1.5523
0.985303	-0.796772
0.797168	-0.555528
0.62527	-0.500916
0.551288	-0.540304
0.732449	-1.0061
0.519618	-0.627589
0.88467	-0.953085
0.767649	-0.990905
0.74901	-0.720617
0.576819	-0.446748
0.740924	-0.468552
1.36348	-0.911458
0.761366	-0.373212
0.431265	0.170769
0.507948	0.364517
0.529972	0.342133
-0.275168	0.308915
-0.172707	0.2552
0.301598	-0.233977
0.705972	-0.602498
0.719103	-0.884927
0.756876	-0.902602
0.654681	-0.676681
0.79413	-0.81438
1.09172	-1.00381
0.639573	-0.605795
0.652531	-0.639324
0.654411	-0.717795
0.743923	-0.891593
0.990837	-1.21218
1.26575	-1.31875
0.792009	-0.609802
0.831623	-0.721238
0.585704	-0.47155
0.659203	0.327124
0.96861	0.470289
0.81652	0.376772
0.802891	0.336765
1.20881	0.829754
1.2788	0.976643
0.698722	0.0700526
0.826708	-0.201729
1.03212	-0.752819
1.10017	-1.22931
1.12166	-1.18587
0.84867	-0.899756
0.688913	-0.732479
0.718431	-0.688544
0.72135	-0.649767
0.381301	-0.287765
0.243166	-0.211907
0.292624	-0.310973
0.438879	-0.375736
0.436889	-0.253595
0.545633	-0.0759492
0.64026	-0.389225
0.580602	-0.602979
0.257595	-0.661639
-0.0322833	-0.348456
0.0795561	-0.260787
0.201614	-0.355322
0.238967	-0.346422
0.291082	-0.531244
0.205574	-0.606045
0.508562	-0.932156
1.2911	-1.51374
1.08155	-1.31601
0.835985	-0.996886
0.975524	-1.15576
0.889395	-1.14311
0.854689	-1.17111
0.88959	-1.19665
0.809581	-1.01661
0.531085	-0.6533
0.704527	-0.699668
1.04455	-1.00115
1.30254	-1.30957
1.60865	-1.78045
1.79867	-2.00361
1.14266	-1.15782
1.48365	-1.65061
1.60333	-1.83677
1.73163	-1.96883
1.6525	-1.82658
2.24652	-2.52129
2.2068	-2.40705
2.48582	-2.70704
2.21575	-2.4292
2.0964	-2.38705
2.21249	-2.54275
1.59475	-1.45253
1.68704	-1.44731
2.08825	-1.92693
2.05812	-1.85829
2.5015	-2.54354
2.67747	-2.99598
2.76676	-3.15364
2.81056	-3.20652
2.44394	-2.61427
2.07661	-1.94966
1.91509	-1.78476
1.9189	-1.74264
1.54633	-1.28258
2.00591	-1.71403
1.25589	-0.80138
1.12713	-0.873718
1.47344	-1.43424
1.53721	-1.42443
1.88454	-1.86582
2.16605	-2.4317
2.58928	-3.3383
2.30087	-2.9705
2.14184	-2.81585
2.28246	-2.90209
1.86578	-2.05979
1.71479	-1.91883
1.7497	-2.00882
1.76035	-2.09793
1.56189	-1.90622
1.72965	-2.00201
1.82556	-2.27147
1.49756	-1.40489
1.86815	-2.01057
1.35141	-1.12415
1.32628	-1.11451
1.02806	-0.967518
1.20885	-1.0979
1.36906	-1.12405
0.961125	-0.640902
1.19157	-0.788675
1.11825	-0.711271
1.08415	-0.532933
0.899655	-0.283338
1.09967	-0.556399
0.975768	-0.727044
1.10893	-0.888796
0.885216	-0.28064
1.09505	-0.604984
0.983458	-0.369114
1.00727	-0.378444
1.06439	-0.497657
1.01714	0.00198874
1.06742	-0.408608
0.941629	-0.509106
0.849098	-0.381266
1.05412	-0.173968
0.874452	-0.422253
0.958846	-0.343872
1.16523	-0.542102
1.02172	-0.330253
0.911878	-0.173552
1.14847	-0.440049
1.23634	-0.602434
1.08835	-0.378625
0.912252	-0.140687
1.06784	-0.455811
1.20643	-0.72749
1.14992	-0.69142
1.25226	-1.05201
1.1949	-0.990706
1.21943	-0.75719
1.57137	-0.967831
0.61107	-0.078487
1.80879	-1.70652
2.20307	-2.43954
2.00675	-2.18279
1.64353	-1.66691
1.2716	-1.14227
1.01727	-0.830791
0.872377	-0.852426
1.44593	-1.29989
0.109947	0.0603289
0.118725	-0.0225847
0.455133	0.0142719
0.478589	0.226721
0.357812	0.324422
0.410002	0.294571
0.386489	-0.0976393
0.583908	-0.51959
0.767383	-1.07636
0.484836	-0.850505
1.00616	-1.42434
0.920314	-1.27246
0.658235	-1.00342
0.502872	-0.915066
0.298073	-0.551316
0.113555	-0.443338
0.145758	-0.233527
0.530657	0.0121979
0.450533	-0.355097
0.47707	-0.632429
0.298617	-0.267258
0.517982	-0.403166
0.620936	-0.444851
0.683649	-0.611963
0.551799	-0.29747
0.627257	-0.343465
1.29005	-1.16005
1.02629	-1.02185
1.09505	-1.2394
1.26817	-1.4706
1.06322	-1.46989
0.334885	-0.356541
0.16469	-0.161595
0.21914	-0.120553
0.823804	0.103591
0.808349	0.162039
1.05753	0.515484
0.385854	0.0898931
0.402636	0.106214
0.439589	-0.0394144
0.458839	-0.152559
1.23037	-1.28464
1.31969	-1.40888
1.21857	-1.43559
1.23288	-1.32948
1.11272	-1.15604
0.591098	-0.373707
0.581556	-0.585256
0.458271	-0.491827
0.353064	0.026125
0.956297	-0.67452
0.870576	-0.698563
0.684503	-0.511935
0.666308	-0.4348
0.735113	-0.483178
0.564769	-0.320941
1.0621	-1.24703
0.981174	-1.20224
1.03305	-1.29895
0.982097	-0.968921
0.77101	-0.446071
0.888642	-0.515529
1.03171	-0.655181
1.08988	-0.738845
1.27144	-1.07484
1.47462	-1.38856
1.873	-1.97684
1.70576	-1.7163
1.62424	-1.62519
1.79026	-1.90035
2.00206	-2.19904
2.47725	-2.81177
1.01638	-1.06098
1.28291	-1.36784
1.60402	-1.77736
1.64394	-1.75407
1.23239	-1.18557
1.79349	-2.0266
1.51929	-1.6999
1.41683	-1.63835
1.34318	-1.52076
1.44499	-1.6022
1.47427	-1.54974
1.71213	-1.73192
2.01641	-2.05219
2.08305	-2.08554
2.45906	-2.60181
2.3432	-2.36094
2.54543	-2.72093
2.93067	-3.42944
2.67097	-3.21915
2.57578	-3.24663
2.88896	-3.75925
2.89827	-3.67143
2.59424	-3.30523
2.54938	-3.29456
2.26319	-2.94663
2.06408	-2.75042
1.93276	-2.6232
1.9074	-2.62485
1.78525	-2.46432
1.99836	-2.66818
0.924189	-0.929627
1.3486	-1.48233
1.71136	-1.94072
2.40227	-2.79327
2.12893	-2.08852
1.40423	-1.27941
1.48593	-1.18072
1.59022	-1.41387
1.68735	-1.35543
1.3938	-0.784418
1.21253	-0.364798
0.780185	-0.0785279
0.815478	-0.191362
0.724949	-0.0370313
0.681703	-0.18275
1.14047	-0.715135
1.17574	-0.706702
0.935185	-0.413404
0.799397	-0.329793
0.940937	-0.387184
0.980415	-0.483078
1.07216	-0.666934
1.2289	-0.598338
0.927835	-0.180624
1.06112	-0.39211
0.699419	-0.250022
0.83793	-0.198575
0.956982	-0.535594
0.985263	-0.419219
1.13532	-0.460957
0.945913	-0.276152
1.08181	-0.230515
1.06794	-0.388232
1.0961	-0.459541
1.01351	-0.480684
0.978668	-0.549032
0.909609	-0.382776
0.993357	-0.660917
0.889745	-0.564747
0.787843	-0.55363
2.10444	-1.47789
1.62783	-1.27946
1.28884	-1.15036
0.889648	-0.823015
0.558926	-0.498369
0.618607	-0.372856
0.78588	-0.397394
0.205961	-0.235047
0.527864	0.169383
0.328245	-0.120607
0.314687	-0.149635
0.541958	0.0464768
0.938035	0.529975
1.15583	0.92613
0.535245	0.266923
0.416062	0.0363127
0.698078	-0.836427
1.28895	-1.32335
0.656854	-1.00991
0.381521	-1.02439
0.23075	-0.919965
0.576078	-1.09337
0.384583	-1.08538
0.535491	-1.17875
0.451002	-1.18954
0.557386	-1.22648
0.498257	-1.18915
0.624317	-1.33494
0.756339	-1.47265
0.742153	-1.40369
0.778659	-1.40056
0.776487	-1.34591
0.809732	-1.3428
0.780098	-1.28973
0.56693	-1.07401
0.363922	-0.785332
0.57967	-0.861476
1.01709	-1.1427
1.26933	-1.43252
1.14502	-1.84181
0.636838	-1.14135
1.08881	-1.41715
1.47701	-1.24911
0.796184	-0.653172
0.729934	-0.622454
0.702752	-0.740075
0.681486	-0.873257
0.468029	-0.834226
0.532783	-1.01113
0.394779	-0.973911
0.477943	-1.04677
1.21944	-1.59012
1.84058	-2.0376
1.37679	-1.51364
0.872762	-1.17205
0.666558	-1.01147
1.0475	-1.13822
1.05921	-1.11136
0.932553	-0.753184
0.85975	-0.134532
0.94218	-0.080077
0.669146	-0.595081
0.636589	-1.04062
0.530176	-0.896907
0.696582	-0.908939
1.32686	-1.36369
1.71708	-1.63296
1.7922	-1.66816
1.84149	-1.80188
1.70514	-1.70363
1.60402	-1.59641
1.70158	-1.61399
1.5146	-1.12905
1.59041	-1.172
1.66978	-1.18789
1.53324	-0.722882
1.00947	-0.387478
1.05202	-0.850475
1.10507	-0.917055
1.30618	-1.11385
1.54832	-1.33539
1.65868	-1.6106
1.40139	-1.36377
1.17382	-1.2497
0.970038	-1.23827
0.896093	-1.21522
1.14412	-1.48994
1.40712	-1.92991
1.60948	-2.02394
0.843766	-1.25428
0.536109	-1.02185
0.364463	-0.87578
0.34789	-0.852785
0.24782	-0.718429
0.229234	-0.692293
0.563419	-0.804769
0.70593	-0.827231
0.975117	-1.06432
1.22936	-1.38967
1.30082	-1.53025
1.24488	-1.46619
1.18582	-1.34702
1.31301	-1.48923
1.36076	-1.52439
1.32544	-1.44144
0.888507	-0.940981
1.01484	-1.11948
1.10806	-1.21637
1.00119	-1.1193
1.15401	-1.12335
1.13097	-1.05543
1.11161	-0.759555
1.02349	-0.84047
0.903316	-0.65155
0.840141	-0.507454
0.959332	-0.828312
1.511	-1.76716
1.90126	-1.95856
2.53214	-3.06822
2.22149	-2.65981
2.13558	-2.61379
1.97731	-2.23834
1.8954	-1.97312
2.06453	-2.09368
1.95958	-1.89264
1.95342	-1.90857
1.75981	-1.69258
1.66483	-1.72408
1.22989	-1.44248
0.907703	-1.28769
0.464528	-0.911622
0.210285	-0.62879
0.223028	-0.413894
0.0243759	-0.52004
0.666456	-0.105366
0.762689	-0.14841
0.496471	-0.519343
0.431386	-0.848468
0.517925	-1.02797
0.79143	-1.19198
0.944705	-1.25812
1.05526	-1.34625
1.20648	-1.50729
1.37711	-1.64614
1.56627	-1.78393
1.76928	-2.03687
1.85547	-2.19736
2.2054	-2.70904
2.07302	-2.62905
1.18005	-1.42286
1.30463	-1.51684
1.36445	-1.71788
1.04597	-1.41427
0.847318	-1.23563
0.832324	-1.23765
0.905703	-1.31931
0.939306	-1.26815
0.943761	-1.25573
1.21439	-1.43746
1.00412	-1.30012
1.06092	-1.22583
1.15242	-1.50164
0.515743	-0.811707
0.34022	-0.775614
1.07134	-1.05718
0.541186	-0.173501
0.185904	0.195569
-0.00803648	-0.0540901
0.150068	-0.0690524
1.1104	-1.07619
1.21052	-1.20707
1.42655	-1.40694
1.31199	-1.16003
2.16277	-2.28524
1.52653	-1.34328
0.754717	-0.701329
0.293813	0.0371675
1.05093	0.475351
1.16818	0.601765
1.3405	0.644806
1.72029	1.08869
2.21187	1.91879
1.52104	0.977502
1.09933	0.555646
0.805563	0.0371654
0.875297	-0.456812
1.00888	-0.444444
1.5164	-1.75046
1.94766	-2.31817
1.94137	-2.37016
1.92309	-2.27178
2.25887	-2.71839
2.32561	-2.69455
2.6397	-3.10203
2.25707	-2.41626
1.87075	-1.80094
1.55882	-1.34614
1.9422	-1.52781
1.27799	-0.70605
1.20021	-0.678257
1.12527	-0.470473
0.929128	-0.280753
0.997146	-0.799079
0.978672	-0.697833
0.978094	-0.568194
0.834236	-0.236654
0.829004	-0.318102
0.879548	-0.453176
0.769433	-0.242002
0.827133	-0.189486
0.945302	-0.589218
0.7463	-0.340276
0.981042	-0.57689
0.889797	-0.480651
0.874501	-0.27188
1.01528	-0.446743
1.175	-0.600723
1.11429	-0.560984
0.997948	-0.397174
0.787745	-0.224785
0.999437	-0.257633
0.833634	-0.403907
0.794737	-0.0969413
0.599698	-0.0795554
0.999945	-0.236829
1.06591	-0.276724
0.972754	-0.371937
1.11918	-0.413426
1.10557	-0.535555
1.26059	-0.635199
1.08878	-0.52155
1.10277	-0.542704
1.11847	-0.756488
1.09222	-0.773703
1.10501	-0.756621
1.15193	-0.837004
1.01829	-0.679481
1.2482	-1.06855
0.86519	-0.589217
1.40434	-1.55274
1.83198	-2.00057
1.57287	-1.79474
1.27281	-1.56166
1.14346	-0.988
0.375596	-0.452193
0.310147	-0.475733
0.34984	-0.446672
0.516907	-0.396228
0.756976	-0.614601
1.15422	-1.07819
1.77995	-1.75968
1.12967	-0.999748
0.950854	-0.673847
1.00183	-0.859658
0.998293	-0.701743
0.836341	-0.565567
-0.0045927	-0.29649
0.401373	-0.506892
0.733699	-0.897288
0.747203	-0.891058
0.699525	-0.816308
0.534511	-0.693912
0.249438	-0.417602
0.145535	-0.320219
0.248771	-0.548513
0.188787	-0.488225
-0.143707	0.258579
0.520425	-0.537255
1.4455	-1.48465
1.08692	-0.84687
0.49764	-0.330023
0.432205	-0.438667
-0.040796	-0.0694816
0.575443	-0.421007
0.720626	-0.541642
0.399778	-0.335527
0.441389	-0.333147
0.429199	-0.389659
0.552606	-0.550911
1.00597	-0.896017
1.07121	-0.65929
0.961706	-0.646766
0.892648	-0.815087
0.789128	-0.639819
0.609849	-0.613784
0.631688	-0.647975
0.282636	-0.364156
0.438688	-0.543115
0.377526	-0.0313564
0.315995	-0.19318
0.505796	-0.508659
0.500374	-0.502232
0.488822	-0.444723
0.30124	-0.30274
0.320771	-0.331282
0.493509	-0.457508
1.14879	-1.00328
1.89039	-1.66676
0.933503	-0.547726
0.657641	-0.463293
0.845891	-0.226238
1.23726	0.0134375
1.03305	-0.434136
1.00986	-0.783791
0.993516	-0.820695
1.00953	-0.858118
1.32406	-1.08314
1.57946	-1.42763
0.900003	-0.71716
0.570714	-0.0325193
0.445471	-0.0402912
0.492063	0.100969
0.730434	0.127157
0.723047	-0.178509
0.984881	-0.76493
2.00791	-1.87999
2.28263	-2.48918
1.86587	-2.02893
1.82607	-2.02259
1.76897	-1.95957
1.78097	-1.90814
2.03972	-2.22706
2.00296	-2.14572
1.86802	-1.91603
1.99186	-1.85834
1.79506	-1.38568
1.59415	-0.902681
1.80466	-1.03311
1.73969	-0.97524
1.36934	-0.675177
1.019	-0.39817
0.89015	-0.238184
0.96697	-0.334626
0.93665	-0.460337
0.949583	-0.305838
1.24572	-0.558371
0.788869	-0.250693
0.839021	-0.306593
0.891911	-0.294971
1.09808	-0.51831
1.17719	-0.683374
1.0428	-0.391557
1.00264	-0.424046
0.94478	-0.385725
0.90778	-0.380522
1.0896	-0.221943
0.924454	-0.382671
1.09852	-0.511417
0.868791	-0.26814
1.16813	-0.643953
0.927702	-0.273542
