0.49918	-0.88546
0.64044	-0.817026
0.747088	-0.723161
0.671536	-0.746018
0.70168	-0.675844
0.699843	-0.769848
0.663253	-0.889797
0.706875	-0.862649
0.705494	-0.661045
0.638	-0.620456
0.479429	-0.512895
0.54712	-0.586542
0.393496	-0.896201
0.215811	-0.637244
0.326344	-0.580177
0.534743	-0.510014
0.651138	-0.557895
0.893404	-0.924189
1.01992	-1.12479
0.924362	-1.11818
0.785916	-1.05988
0.640101	-1.02013
0.409843	-0.849725
0.407113	-0.731989
0.430959	-0.654867
0.423455	-0.57826
0.402367	-0.465162
0.511198	-0.364847
0.681129	-0.446532
0.779065	-0.351769
0.895933	-0.536864
0.787305	-0.449263
0.879543	-0.512127
1.06184	-0.395958
1.15086	0.12389
0.986117	0.0727166
0.942942	0.190244
1.01165	0.0545342
1.09504	0.136671
0.935126	-0.144897
0.354557	-0.391843
-0.0563491	0.125086
-0.0663932	0.421828
0.375439	0.368734
1.08279	-0.0215687
1.04939	-0.043995
0.396406	0.0150157
0.0224998	-0.403984
-0.19233	-0.549283
-1.15736	-0.539667
-1.1005	-0.489522
-1.00947	-0.80681
-0.831274	-0.810334
-0.313827	-0.70148
0.165084	-0.690504
0.604062	-0.854417
0.119289	-1.06003
0.621925	-0.992217
0.607281	-0.958862
0.661298	-0.439573
1.18408	-0.711616
1.18531	-0.522606
1.32927	-0.757172
1.39153	-0.767915
1.70906	-0.655394
1.62657	-0.43564
1.47717	-0.444104
1.37291	-0.408132
1.33516	-0.556045
1.12566	-0.344257
1.0224	-0.454191
1.11771	-0.538164
1.2695	-0.605625
1.02064	-0.57819
1.05682	-0.644506
1.10036	-0.570581
1.08934	-0.484202
1.09274	-0.314243
1.1606	-0.382662
1.26317	-0.533826
1.28986	-0.464343
1.39207	-0.508524
1.25686	-0.330998
1.19507	-0.0413964
1.17396	0.169466
0.929314	0.572333
0.894848	0.727619
0.972675	0.726862
1.2119	0.587828
1.7261	0.140605
1.61005	-0.0721412
1.38435	-0.119933
1.03913	-0.207143
0.858642	-0.490767
0.866428	-0.542591
0.785798	-0.796594
0.627531	-0.889667
1.5545	-0.898624
1.57865	-0.806694
1.12192	-0.382457
1.12449	-0.5312
1.05013	-0.528284
1.09505	-0.529163
0.974274	-0.777273
1.16719	-1.18944
1.08307	-1.34267
1.09837	-1.48953
0.994452	-1.53594
1.00573	-1.50636
1.366	-1.04525
1.17307	-0.703426
1.29184	-1.0486
0.820463	-1.26662
0.675977	-1.57661
0.892386	-1.4672
0.893165	-1.12575
0.793525	-0.983043
0.761992	-1.01081
0.465088	-1.02743
0.488675	-0.804581
0.407493	-0.976712
0.602471	-0.878087
0.639894	-0.752027
0.603061	-0.806398
0.586171	-0.859043
0.59451	-0.790785
0.789265	-0.832955
0.871451	-0.714973
0.584453	-0.561766
0.687372	-0.52132
0.483751	-0.711945
0.834766	-0.666505
0.664605	-0.693945
0.49997	-0.563282
0.557586	-0.837329
0.35566	-0.87475
0.610981	-0.764275
0.770889	-0.684765
0.70684	-0.854297
0.809098	-0.959387
0.822544	-0.87552
0.4262	-0.850953
0.466371	-0.977409
0.323259	-0.853585
-0.0282353	-1.09761
-0.126894	-1.09178
0.209983	-0.889334
0.690566	-0.460737
1.39989	-0.483729
2.06903	0.072146
1.72431	-0.403658
1.64868	-0.467498
1.69037	-0.411204
1.7707	-0.291389
1.76835	-0.233933
1.78691	-0.228764
1.36068	-0.259739
1.26159	-0.103259
1.29608	-0.138047
1.39801	-0.191768
1.53215	-0.282066
1.48947	-0.191758
1.2997	-0.475784
1.08771	-0.365745
0.884038	-0.532754
1.41658	-0.721005
1.32585	-0.726772
1.32995	-1.04155
1.22319	-1.0897
1.22612	-1.16143
1.39064	-1.20685
1.53817	-1.16989
1.36129	-1.00087
1.03352	-1.00718
0.804401	-1.05717
0.719662	-1.14962
0.639908	-1.20324
0.550414	-1.15078
0.501463	-1.07758
0.495322	-1.01092
0.732557	-1.02743
0.915853	-1.18996
0.897158	-1.23906
0.88752	-1.22437
0.914501	-1.22916
0.887115	-1.14515
0.777641	-1.01056
0.773328	-0.974838
0.924961	-0.982232
1.16694	-1.05947
1.21251	-0.865451
1.06807	-0.642506
0.832226	-0.602529
0.964428	-0.982913
1.13539	-1.24013
1.01844	-1.34404
0.994495	-1.34856
1.22477	-1.57118
1.2688	-1.64839
1.29815	-1.64501
1.18295	-1.58712
1.09694	-1.51786
0.886688	-1.41149
0.750399	-1.25755
0.576119	-1.00985
0.759184	-0.866833
1.1041	-0.857294
0.979102	-0.612137
0.903551	-0.40932
0.907482	-0.334306
1.08605	-0.255568
1.25971	-0.165649
1.31147	-0.0416461
1.23821	-0.0828086
0.369635	-0.161671
-0.327388	-0.360352
-0.865422	-0.325305
-1.32008	-0.300331
-1.3679	-0.521118
-0.703675	-0.614478
-0.198236	-0.717285
0.28541	-1.04925
1.41027	-0.5626
1.80115	-0.508214
1.7246	-0.392469
1.81145	-0.254993
1.94966	-0.447993
1.92937	-0.348605
1.40781	-0.415772
1.44102	-0.674303
1.2972	-0.813233
1.47529	-1.04532
1.41496	-1.05179
1.41771	-1.1071
1.30321	-0.99107
1.26938	-0.983421
1.41375	-0.990676
1.44955	-1.03611
1.3815	-0.976306
1.50788	-0.808381
1.28885	-0.6131
1.32263	-0.511674
1.47406	-0.43691
1.46588	-0.481087
1.33366	-0.610789
1.04007	-0.674037
0.797143	-0.88549
0.863147	-0.889228
0.754996	-0.999365
1.48016	-0.520315
1.5309	-0.617628
0.955692	-0.899071
0.842216	-0.876573
0.894176	-0.825976
0.676549	-0.794683
0.821921	-0.670472
0.983199	-0.824635
0.796999	-0.849685
0.78397	-0.738441
0.873175	-0.828848
0.834111	-0.718324
0.799466	-0.816484
0.773219	-0.906401
0.682743	-0.68658
0.495698	-0.72641
0.660691	-0.723068
0.700804	-0.73931
0.507263	-0.87691
0.626553	-0.871771
0.58786	-0.727135
0.912631	-0.73198
0.661635	-0.916288
0.884101	-0.781411
0.10708	-0.55183
0.283922	-0.583489
0.610903	-0.858722
0.51577	-0.814154
0.700343	-0.738077
0.717206	-0.713262
0.590212	-0.782086
0.648342	-0.77947
0.708698	-0.574164
0.681858	-0.374056
0.603142	-0.455411
0.720125	-0.587149
0.997409	-0.889499
0.83917	-1.14383
0.847248	-1.2316
1.01655	-1.2798
0.81998	-0.889954
0.961726	-0.793619
1.05885	-0.967174
1.11469	-0.988425
1.18329	-0.709169
1.51843	-0.39852
1.46092	-0.51936
1.13996	-0.760393
0.681328	-0.997796
0.298636	-0.426851
0.354063	-0.208711
0.253775	-0.154915
0.0497496	-0.228659
-0.0605707	-0.348769
0.0188304	-0.558054
0.337866	-0.697141
0.556935	-0.668326
0.813108	-0.733396
1.07381	-0.910456
1.41943	-0.833542
1.56272	-0.379045
1.34089	-0.212176
1.10007	-0.373198
0.897289	-0.409881
1.03665	-0.612459
0.626422	-0.903924
1.51917	-0.356094
1.74265	-0.451035
1.63647	-0.599897
1.8987	-0.71413
2.00759	-0.408794
2.13242	-0.495111
1.8791	-0.427314
1.34357	0.0508575
1.02875	0.0763008
1.12916	0.0382578
1.11532	0.345973
1.12038	0.362416
1.11437	0.409076
1.07601	0.539016
0.957357	0.724497
0.910323	0.610773
0.853187	0.595101
0.940557	0.582371
0.850789	0.523482
0.925907	0.282723
1.39318	-0.189857
1.47597	-0.00893753
1.48191	-0.298719
0.85489	-0.147304
0.671534	-0.132208
0.676711	-0.281108
0.778329	-0.365556
1.22999	-0.759039
1.45486	-0.467695
1.30516	-0.337603
1.07156	-0.75514
1.27063	-0.960917
0.951314	-0.552462
0.924352	-0.765552
0.00323989	-0.476743
-0.457644	-0.383248
-1.04491	-0.0725196
-0.796161	-0.259939
-0.28831	-0.570839
-0.258257	-0.700538
0.128352	-0.989389
0.430174	-0.544805
0.857492	-1.10303
0.701412	-1.11141
0.828841	-1.16979
1.19271	-1.39862
1.42393	-1.26924
1.41573	-0.773498
1.17969	-0.577167
1.17298	-0.580904
1.56383	-1.09464
1.59993	-1.31746
1.44107	-1.42449
1.42621	-1.38493
1.60659	-1.45347
1.34206	-1.37004
1.27221	-1.28761
1.49918	-1.4029
1.63068	-1.40926
1.56634	-1.10185
1.57259	-0.92381
1.69134	-0.979013
1.67954	-0.915137
1.43897	-0.69516
1.59889	-0.740859
1.54585	-0.611592
1.55522	-0.373445
1.19735	-0.270684
1.19222	-0.501818
1.11133	-0.760819
1.02082	-0.750855
1.03038	-0.822749
0.848285	-0.863217
0.499064	-0.685096
0.407017	-0.573155
-0.0109911	-0.440658
-0.262418	-0.31725
-0.925769	-0.392081
-0.92921	-0.455275
-1.07129	-0.32215
-0.844551	-0.292887
-0.948011	-0.552334
-0.793998	-0.24777
-0.570933	-0.344343
-0.431269	-0.386557
-0.494625	-0.491111
-0.17179	-0.561781
0.281189	-0.821549
0.260041	-0.698182
0.258923	-0.564175
0.66416	-0.704005
0.593918	-0.562875
0.307033	-0.606339
0.623492	-0.603258
0.574829	-0.81434
0.824835	-0.740239
0.795381	-0.636471
0.644946	-0.921953
0.63962	-0.879247
0.712227	-0.75309
0.617862	-0.552715
0.548426	-0.726799
0.382949	-0.790185
0.796004	-0.677248
1.0013	-0.499387
0.620406	-0.391466
1.10576	-0.495317
1.895	-0.357972
1.63589	-0.970635
1.3404	-1.00058
1.15411	-0.809841
1.23833	-0.625394
1.49951	-0.470117
1.71962	-0.336321
1.56976	-0.295425
1.27433	-0.549993
1.39319	-0.464354
1.10293	-0.0650283
1.02593	0.0367138
1.46282	0.146529
1.56118	0.494507
1.44246	0.406002
1.38709	0.179409
1.20501	0.317553
1.36026	0.547799
1.15585	0.209117
1.13778	-0.0144007
0.78521	-0.0464351
1.24346	0.051582
1.30702	-0.0571987
1.44792	-0.0111693
1.47566	-0.119124
1.51254	-0.0180085
1.71929	-0.224555
1.62973	-0.040922
0.773789	-0.628628
1.05925	-0.275054
1.35056	0.357876
1.65819	0.640294
1.70411	0.8179
1.64192	0.785158
1.55549	0.955318
1.72979	0.763436
1.80782	0.103884
1.52401	0.0243139
1.43065	-0.106243
-0.0431882	-0.51488
-0.0447826	-0.545714
0.780722	-0.347541
0.780988	-0.518555
0.981412	-0.52925
0.944821	-0.361746
0.625282	-0.357064
0.00923393	-0.869499
0.778712	-0.355393
0.57911	-0.259211
0.555941	0.129161
0.583017	0.166717
0.528299	0.113288
0.601398	0.000666014
0.668803	-0.0314901
0.699012	-0.0386033
0.784435	-0.285658
0.667498	-0.257421
0.652374	-0.147668
0.679756	-0.0243486
0.660194	0.050906
0.831606	-0.0257794
0.845489	-0.0482885
0.511157	0.131143
0.383354	0.219723
0.464184	-0.0292353
0.59309	-0.10032
0.676636	-0.0350107
0.650826	-0.0919681
0.674616	-0.620683
1.31272	-0.677326
1.14137	-0.136307
0.0929295	-0.772687
0.204119	-0.462002
-0.626381	-0.0243844
-0.817393	-0.25893
-0.934582	-0.223549
-0.194443	-0.265224
0.67732	-0.436512
0.540952	-0.402658
0.617126	-0.354548
0.559897	-0.575124
0.537995	-0.561879
0.561023	-0.786696
1.15995	-0.825863
1.60379	-0.971809
1.60583	-1.07759
0.575725	-0.933776
0.344923	-0.658718
0.27699	-0.271354
0.28833	-0.0947438
0.235244	-0.171538
0.297791	-0.471767
0.279823	-0.666814
-0.0463639	-0.430828
-0.172264	-0.0925683
0.141348	-0.144606
0.576986	-0.677153
0.643319	-0.716796
0.39989	-0.335342
0.531142	-0.364271
0.548516	-0.324118
0.813042	-0.496026
0.930673	-0.668086
0.840889	-0.546145
1.03835	-0.568222
0.981422	-0.5067
1.02034	-0.454963
1.02462	-0.53346
1.20132	-0.503166
1.11059	-0.511848
0.836441	-0.437717
0.968998	-0.451888
0.82183	-0.179228
1.61519	-0.11161
1.48824	-0.13913
1.63773	-0.376443
1.52729	-0.47489
0.844015	-0.569972
0.177946	-0.643323
-0.195429	-0.20821
0.194668	-0.362799
0.347935	-0.587372
0.1215	-0.798509
0.193951	-1.17923
0.372742	-1.49486
0.724694	-1.60874
0.959194	-1.45828
1.2557	-1.28685
1.46614	-1.02239
1.48303	-0.788366
1.53615	-0.697556
1.64525	-0.682476
1.64381	-0.584413
1.55037	-0.493376
1.57282	-0.561469
1.46311	-0.579766
1.49292	-0.765634
1.50203	-0.899967
1.50737	-0.970869
1.44575	-1.04652
1.48934	-0.883333
1.25627	-0.478868
1.2486	-0.579042
0.300659	-0.30908
-0.261434	-0.300093
-0.216851	-0.509768
0.219681	-0.636388
0.84009	-0.974814
0.680647	-0.816664
1.18456	-0.253506
1.40798	-0.424194
1.29713	-0.596328
1.24362	-0.528805
1.30631	-0.63666
1.2722	-0.861423
1.20024	-0.885527
1.18334	-0.784221
1.23323	-0.767622
1.25353	-0.705373
1.28886	-0.632012
1.21942	-0.604752
1.25143	-0.501899
1.34683	-0.537187
1.28511	-0.372431
1.44672	-0.341293
1.30987	0.0100728
1.45866	-0.00198018
1.45988	0.0513227
1.38966	0.170625
1.30633	0.523724
1.58704	0.560948
1.64557	0.588489
1.5981	0.352609
1.81903	0.276126
1.65769	0.337573
1.57775	0.0891821
1.67966	0.0758029
1.77639	0.108828
1.60866	0.139817
1.55103	-0.00524657
1.65034	0.0618273
1.50084	0.141298
1.53426	0.0547468
1.51315	0.277504
1.19467	-0.169315
1.2186	-0.103638
1.49644	0.0448243
1.50393	0.145949
1.33427	0.0272539
1.39166	-0.386665
1.24757	-0.563645
1.24876	-0.633812
1.56749	-1.25628
1.21389	-0.737618
1.00055	-0.555824
1.05561	-0.617443
1.2055	-0.477434
1.55058	-0.428096
0.216306	-0.71767
-0.469924	-0.836611
-0.699089	-0.603335
-0.841194	-0.896737
-0.166685	-0.711947
0.0833	-0.830618
0.698903	-0.746595
0.772855	-0.344478
0.832598	-0.443874
1.81487	-0.357358
1.6025	-0.349943
1.38789	-0.27782
1.57183	-0.110554
1.41583	-0.814088
1.54275	-0.722545
1.6657	-0.424892
2.11365	-0.398347
1.70376	-0.152358
1.58308	-0.235598
1.37117	-0.224213
1.4413	-0.326916
1.35754	-0.362923
0.555054	-0.676506
1.27149	-0.473699
1.98756	-1.04516
1.8805	-1.10659
1.92685	-1.16702
1.63145	-0.257156
0.724091	-0.493147
0.535286	-0.505954
0.336579	-0.434741
0.332974	-0.343234
0.301359	-0.437668
0.36288	-0.55008
0.320712	-0.569266
0.459054	-0.358767
1.11999	-0.150565
1.12198	-0.194164
1.25413	-0.249993
1.23941	-0.166312
1.33822	-0.221714
1.36299	-0.282693
1.45983	-0.288486
0.914473	-0.225801
0.438111	-0.644034
0.217943	-0.526262
0.351769	-0.522159
0.464509	-0.56306
0.72969	-0.552375
1.64228	-0.495636
1.74277	-0.670155
1.4939	-0.540727
1.49729	-0.520538
1.57759	-0.547278
1.48097	-0.556541
1.29892	-0.434949
1.35805	-0.442724
1.51204	-0.425746
1.60194	-0.30064
1.66721	-0.448613
1.55522	-0.584145
1.42214	-0.644262
1.20221	-0.509389
1.4818	-0.401098
1.33998	-0.188985
1.75067	-0.170939
1.7338	0.181986
1.64647	0.20761
1.76069	0.135102
1.6899	-0.220957
1.61667	-0.215668
1.38079	-0.547692
1.04796	-0.481799
0.961295	-0.577349
0.858313	-0.799945
0.835711	-0.766973
0.819512	-0.682916
0.727113	-0.902194
0.774224	-0.714384
0.63114	-0.710192
0.821339	-0.939295
0.643186	-0.925904
0.581437	-0.728751
0.818087	-0.81446
0.770115	-0.861161
0.913505	-0.798618
0.604153	-0.922392
0.542475	-0.654754
0.645798	-0.711758
0.645332	-0.568253
0.846059	-0.779842
0.732411	-0.85661
0.578624	-0.714917
0.63829	-0.54893
0.605003	-0.678779
0.672557	-0.715269
0.359237	-0.840149
0.15851	-0.977981
-0.083052	-1.15841
-0.335729	-1.09463
-0.340933	-0.797108
-0.132845	-0.595452
0.00168457	-0.727414
0.336156	-1.08482
0.637639	-0.887863
0.681411	-1.1373
0.320384	-1.14318
0.101602	-0.773174
0.362372	-0.572727
1.31595	-0.260249
1.43741	-0.116787
0.840747	-0.0143903
0.700752	-0.178072
0.719502	-0.300911
1.05465	-0.423824
1.27004	-0.59604
1.34264	-0.376774
1.49995	-0.29928
1.64369	-0.334736
1.62898	-0.00661467
1.25839	0.294832
1.34102	0.366293
1.29018	0.344441
1.33652	0.179487
1.16665	0.145583
0.8681	0.0329859
0.86611	-0.209156
0.790399	-0.126008
0.785871	-0.251842
0.719783	-0.314795
1.01587	-0.841411
0.848432	-1.272
0.507235	-1.30382
0.335034	-1.22296
0.333809	-1.24014
0.269381	-1.18965
0.248226	-1.16027
0.388097	-1.25914
0.299434	-1.07824
0.388368	-1.03438
0.67492	-0.853556
1.24416	-0.885719
1.24431	-0.799151
1.40584	-0.760992
1.5251	-0.728104
1.62383	-0.751105
1.52653	-0.415622
1.53428	-0.417579
1.4297	-0.322629
1.42817	-0.278372
1.28347	-0.519399
1.50269	-0.413564
1.28991	-0.19519
1.12576	-0.324295
1.19717	-0.441953
1.03384	-0.492494
1.12271	-0.473084
0.9884	-0.719807
0.862524	-0.528222
0.88459	-0.914339
0.780995	-0.656999
0.898026	-0.829621
0.69265	-1.00649
0.676354	-0.683281
0.567349	-0.762085
0.669317	-0.724444
0.611831	-0.788232
0.479932	-0.789353
0.656093	-0.965846
0.6001	-0.841228
0.565451	-0.810227
0.709906	-0.79746
0.551741	-0.961117
0.446011	-0.828295
0.565458	-0.664697
0.659603	-0.808196
0.706856	-0.557904
0.679336	-0.843071
0.768685	-0.774241
0.76812	-0.786244
0.794827	-0.646033
0.874882	-0.856495
0.867181	-0.697575
0.565415	-0.746402
0.70316	-0.846926
0.636694	-0.772845
0.906412	-0.936214
1.18558	-0.489721
1.26192	-0.182994
1.48854	-0.0998687
1.65688	-0.117675
1.56978	-0.0307599
1.91789	-0.18543
1.58164	-0.821858
1.25469	-1.00683
1.18275	-1.05298
1.07091	-0.941528
0.979209	-0.721762
0.913073	-0.509038
1.01792	-0.384785
1.12774	-0.233238
1.35304	-0.190402
1.53486	-0.129637
1.55726	-0.163266
1.39217	-0.0155814
1.34497	0.0612232
1.38153	-0.0280099
1.59841	-0.210055
1.53417	-0.485206
1.32324	-0.687506
1.13202	-0.861834
0.84914	-0.942129
0.677792	-0.757997
0.801126	-0.168219
1.04993	-0.307769
1.07348	-0.488119
1.02806	-0.667954
0.914645	-0.663494
0.390745	-0.499967
0.140679	-0.601844
0.222683	-0.886318
0.30063	-1.03235
0.449639	-1.12991
0.668614	-1.29582
0.641657	-1.22709
0.744534	-1.29103
0.774388	-1.2
0.693592	-0.974722
0.709808	-0.736408
0.696103	-0.434533
0.69274	-0.15022
0.683337	0.0017812
0.60956	0.149238
0.524705	0.21174
0.512937	0.212313
0.707146	0.0442478
0.76187	-0.0563176
1.15328	-0.30066
1.72791	-0.442904
1.85304	-0.274632
1.61163	-0.395736
1.64505	-0.0504477
1.65598	-0.123784
1.59492	-0.210277
1.16923	-0.112136
1.05028	-0.207854
0.930386	-0.210929
0.86902	-0.267303
0.869374	-0.351842
0.844679	-0.397877
0.822067	-0.34894
0.940253	-0.297906
0.94945	0.0328619
1.34729	0.0497524
1.51461	-0.163982
1.50211	0.0087005
1.49078	-0.117747
1.40231	-0.199708
1.38892	-0.0934001
1.33018	-0.0165198
1.4071	-0.14808
1.31756	-0.213756
0.885759	-0.410469
0.643984	-0.312607
0.403805	-0.370019
0.460614	-0.316577
0.534083	-0.160672
0.632115	0.0099954
0.741403	0.0139338
0.714433	-0.153049
0.58944	-0.17384
0.781344	-0.20896
0.894328	-0.128691
0.967688	-0.570539
0.163943	-0.685106
-0.474454	-0.314795
-1.0676	-0.242429
-0.530521	-0.66749
-0.206406	-0.953284
-0.395704	-1.03847
-0.310329	-0.867957
0.54124	-0.439769
1.1184	-0.270534
1.00911	-0.284527
0.88882	-0.280317
1.00441	-0.467657
0.985866	-0.463241
1.19386	-0.725584
1.21554	-0.69922
1.34314	-0.620272
1.20801	-0.661635
1.08085	-0.858132
1.07017	-0.759485
0.952974	-0.845909
1.12827	-0.908448
1.16412	-0.810744
1.36647	-0.796495
1.32054	-0.537548
1.16095	-0.456292
0.709303	-1.11186
0.468778	-1.46782
0.337575	-1.49209
0.225245	-1.41826
0.300114	-1.49302
0.645472	-1.62389
1.20359	-0.958412
1.03493	-0.973918
1.03561	-1.01906
1.01907	-1.28272
0.881018	-1.35048
0.994501	-1.67136
0.833836	-1.68786
0.900702	-1.75928
0.883859	-1.77199
0.939441	-1.86338
0.970133	-1.87744
0.979485	-1.82971
0.822658	-1.38648
1.02274	-1.15593
1.31668	-1.04193
1.29258	-0.841105
1.27853	-0.761195
1.27175	-0.720697
1.32492	-0.673211
1.4814	-0.539355
1.20142	-0.495317
1.18342	-0.768618
1.02334	-0.666377
0.816527	-0.609245
0.67986	-0.830105
0.649163	-0.745695
-0.0562133	-1.05393
1.26255	-1.0358
-0.0485358	-0.799663
-0.67986	-0.608742
-0.763318	-0.859565
-0.664556	-0.654713
-0.810721	-0.472815
-0.90199	-0.552285
-1.00701	-0.271183
-0.763398	-0.283346
-1.06849	-0.187863
-1.21094	-0.371109
-1.08699	-0.306037
-1.06143	-0.380346
-0.922133	-0.307394
-0.728906	-0.0638093
-0.393148	-0.0478148
0.0379952	-0.658349
0.298696	-0.593004
0.34453	-0.654247
0.46277	-0.70161
0.497299	-0.461624
0.384892	-0.742922
0.590862	-0.612944
0.460193	-0.753787
0.648661	-0.784952
0.53602	-0.711462
0.380322	-0.818728
0.637589	-0.887516
0.690132	-0.612712
0.487773	-0.761415
0.603103	-0.611808
0.552875	-0.860743
0.712428	-0.766139
0.606811	-1.09785
0.623242	-0.837981
0.56217	-0.738974
0.70444	-0.748477
0.536224	-0.868452
0.59901	-0.744623
0.914108	-0.759438
0.713921	-0.61983
0.81876	-0.748747
0.890071	-0.809253
0.600119	-0.733727
0.78048	-0.780807
0.620899	-0.727947
0.623074	-0.811532
0.734414	-0.39464
0.426187	-0.501717
0.188458	-0.959305
0.212436	-0.92849
0.395697	-0.761163
0.534702	-0.64779
0.823509	-0.442964
1.15169	-0.175179
1.27679	-0.226338
1.60604	-0.356924
1.31291	-0.256494
1.31386	-0.435328
1.17944	-0.567364
0.791181	-0.514953
0.406237	-0.526965
0.284812	-0.544252
0.362437	-0.491742
0.504354	-0.305591
0.650851	-0.314019
0.903138	-0.321733
1.21182	0.0067116
1.3778	-0.286743
1.49787	-0.301471
1.65407	-0.354346
1.19359	-0.130247
1.20633	0.144334
1.28627	-0.135119
1.28565	-0.400752
1.08034	-0.378841
0.758296	-0.290184
0.410304	-0.291746
0.26588	-0.366134
0.678426	-0.435253
0.891396	0.0286222
0.895598	-0.373814
0.677726	-0.227272
-0.391535	-0.429744
-0.652579	-0.501181
-0.423889	-0.590847
0.732738	-0.351927
0.737317	-0.382768
0.714557	0.0102722
0.847353	-0.147376
0.891813	-0.564246
0.545977	-0.284177
-0.394515	0.102857
-0.953932	0.321291
-0.706676	0.127134
-0.818592	-0.290816
-0.686959	-0.483408
-0.492703	-0.65005
0.119339	-0.181013
0.149594	-0.336983
0.349944	-0.583073
0.117599	-0.55753
0.14446	-0.463543
0.205704	-0.280297
-0.134378	0.0805632
-0.52397	-0.0442224
-1.11057	0.000435886
-1.16356	-0.34438
-1.17485	-0.230352
-1.18574	-0.192796
-0.501317	-0.443517
-0.148271	-1.04225
0.350899	-0.548645
0.364	-0.43357
0.471178	-0.538789
0.559045	-0.70524
0.42573	-0.486645
0.457344	-0.597658
0.199425	-0.752264
0.216053	-0.63728
0.813873	-0.618875
0.25486	-1.15806
0.08567	-0.976447
-0.0779052	-0.889989
0.0170664	-0.926037
-0.0919074	-0.912875
-0.142577	-0.938689
-0.105312	-0.899188
-0.0759952	-0.840814
0.0810907	-0.864277
0.167362	-0.823725
0.438429	-0.955798
0.443427	-0.721514
0.470104	-0.768447
0.541344	-0.628161
0.605063	-0.598424
0.460003	-0.520938
1.07493	-0.0421203
0.894357	-0.32591
0.788833	-0.436908
0.638233	-0.728175
0.664653	-0.799405
0.645617	-0.811178
0.637722	-0.782203
0.568068	-0.859512
0.674113	-0.95968
0.679596	-0.773207
0.516455	-0.830995
0.892154	-0.478639
0.935632	-0.525014
0.818285	-0.672862
0.376886	-0.413498
0.0901283	-0.325478
0.0347224	-0.753941
-0.10615	-0.87644
-0.0448865	-0.978847
0.0806275	-1.05217
0.350845	-1.20628
0.42785	-1.3197
0.518469	-1.33116
0.665417	-1.31166
1.14376	-1.13863
1.44012	-0.735872
1.27282	-0.269299
1.35686	-0.328214
1.05322	-0.595656
0.771989	-0.766711
0.609085	-0.804794
1.06917	-0.361692
1.06111	-0.288909
0.965814	-0.237292
1.23338	-0.451879
1.37162	-0.268174
1.50826	0.04064
1.63688	-0.137261
2.02377	-0.177733
1.63525	0.112051
1.57076	0.00835289
1.57636	-0.230458
1.52513	-0.269355
1.47126	-0.256597
1.029	-0.402686
1.14203	-0.36609
0.348974	-1.31584
-0.133948	-0.839994
-0.649162	-0.53895
-0.573607	-0.236186
-0.307281	-0.292643
0.217769	-0.623724
0.637146	-0.968981
1.08493	-0.784378
1.3699	-0.840508
1.10872	-0.729402
1.09714	-0.530247
1.01657	-0.324184
0.978402	-0.237737
1.43757	-0.242327
1.31501	-0.0631113
1.52694	-0.154519
1.12381	-0.768609
1.47769	-0.549782
1.90753	-0.52612
2.34474	-0.000448738
2.31511	-0.0167576
2.32034	-0.238093
1.9008	-0.372533
1.43667	-0.084931
1.20849	0.125678
1.21668	0.172996
1.25927	0.150487
1.27688	0.144207
1.30635	0.166078
1.39464	0.0629367
1.38113	-0.00336068
1.33705	-0.0729465
1.23406	-0.119339
1.13023	-0.146016
1.03534	-0.114549
1.04021	-0.321039
1.11653	-0.473549
1.12097	-0.403692
1.40336	-0.458766
1.34226	-0.375539
1.52123	-0.454816
1.46282	-0.248341
1.59352	-0.177742
1.56463	-0.230028
1.49838	-0.876973
0.7375	-1.219
0.620619	-1.21959
0.534489	-1.22509
0.5338	-1.23306
0.663185	-1.28609
0.57588	-1.1999
0.488555	-1.04529
0.426274	-0.927432
0.294464	-0.85342
0.371477	-0.792167
0.457168	-0.688739
0.809379	-0.854688
0.687729	-0.829014
0.756554	-0.834627
0.690671	-0.781251
0.609715	-0.665359
0.419145	-0.586105
0.428704	-0.646516
0.201491	-0.658367
-0.0362456	-0.550701
-0.0171795	-0.627955
0.0386715	-0.732784
0.458567	-0.90268
1.31688	-0.697612
1.36531	-0.73963
1.1322	-0.849362
0.810427	-1.10405
0.51954	-1.17524
0.384312	-1.27636
0.294996	-1.24692
0.325701	-1.31187
0.802406	-1.42208
1.30456	-1.21746
1.57424	-0.722974
1.85537	-0.721734
1.51374	-0.931394
1.18558	-1.1663
1.06223	-1.21034
1.17258	-1.33173
1.27709	-1.30535
1.04206	-1.18665
0.897641	-0.824527
1.06677	-1.15099
1.32976	-1.3168
1.2136	-1.34778
1.20408	-1.24706
1.11982	-1.19063
1.2611	-1.08825
1.37751	-0.946244
1.46365	-0.719029
1.41946	-0.553962
1.37926	-0.502055
1.5944	-0.517661
1.76224	-0.438785
1.78186	-0.424932
1.46093	-0.344914
0.2627	-0.980892
0.444623	-0.80024
1.30672	-0.83305
0.751456	-0.390439
1.02381	-0.974012
0.905926	-1.27961
1.03607	-1.55697
0.949796	-1.43334
1.2043	-0.767584
1.16949	-0.798533
0.963256	-0.872106
0.975016	-0.85091
1.05216	-0.675268
1.07379	-0.289479
0.986227	-0.269477
1.51001	-0.865131
1.4537	-0.844993
1.60725	-0.7242
1.50163	-0.783014
1.66582	-0.801598
1.81695	-1.01971
1.7285	-0.96992
1.56014	-0.933931
1.77259	-1.16391
1.70012	-0.952404
1.71551	-0.93788
1.50552	-0.198703
0.943184	-0.964255
1.0807	-0.512822
1.41251	-0.403858
1.20253	-0.388923
1.29791	-0.317611
0.881441	-0.660363
0.956317	-0.684314
0.903661	-0.799132
0.976778	-0.604271
0.928129	-0.810664
0.763251	-0.622884
0.884316	-0.791362
0.695838	-0.735539
0.840082	-0.929798
0.556595	-0.855644
0.383766	-0.710314
0.161538	-0.524988
0.375109	-0.357496
0.488512	-0.446245
0.86393	-0.59908
0.881588	-0.65244
0.833736	-0.607353
0.585654	-0.737317
0.602544	-0.755821
0.756303	-0.721568
0.962258	-0.767272
0.727658	-0.769284
0.783907	-0.821091
0.697134	-0.801105
0.671267	-0.811087
0.694732	-0.639882
0.650405	-0.696405
0.785288	-0.473294
0.706461	-0.687504
0.678045	-0.636487
0.552714	-0.428256
0.665518	-0.512104
0.516553	-0.776486
0.820746	-0.58533
0.606553	-0.720671
0.538379	-0.830061
0.82926	-0.341362
1.30565	-0.0257818
1.54235	-0.342111
1.89782	-0.237241
1.47697	-0.359273
1.10171	0.10293
1.12661	-0.233882
1.19576	-0.572094
0.980536	-0.610593
0.797255	-0.766704
0.469535	-0.597436
0.451293	-0.631733
0.365555	-0.68805
0.580101	-0.813885
0.722329	-0.993662
0.810447	-0.852855
0.849208	-0.495608
1.03298	-0.140784
1.26676	-0.0222382
1.26796	0.117226
1.00944	0.0537285
1.10091	-0.0680437
1.03271	0.324548
1.23197	0.186807
1.36516	-0.0948828
1.21451	-0.0940081
1.18792	-0.212603
0.91034	-0.562173
0.926664	-0.461563
0.555402	-0.124536
0.831675	-0.0868325
1.41173	-0.309686
1.36453	-0.0625257
1.56216	-0.347653
1.7828	-0.57516
1.75266	-0.582711
1.88273	-0.530535
1.54481	-0.339533
1.28785	-0.471509
1.19418	-0.418202
1.13822	-0.376798
1.20783	-0.37238
1.38287	-0.375795
1.31551	-0.265682
1.1653	-0.2257
1.35689	-0.189654
1.28818	-0.38124
1.04166	-0.559911
0.744918	-0.654462
0.80299	-0.709423
0.644351	-0.789122
0.722407	-0.783932
1.05864	-0.786539
1.46721	-0.557884
1.34421	-0.681297
1.28167	-0.65955
0.936575	-0.873173
0.863823	-1.06191
0.821073	-1.27777
0.738732	-1.4168
0.792215	-1.50407
0.751528	-1.41972
0.9105	-1.48826
0.789239	-1.40885
0.974397	-1.42927
1.13315	-1.31695
1.10094	-0.716318
0.858706	-0.770906
0.841359	-1.02354
0.861148	-1.01607
0.729749	-0.832658
0.591316	-0.920919
0.578758	-0.819328
0.802156	-0.877035
0.744279	-0.790685
0.690638	-0.838121
0.643316	-0.898331
0.683925	-0.944376
0.78895	-0.873622
0.564178	-0.75659
0.702158	-0.624177
0.671771	-0.76845
0.460838	-0.907532
0.664251	-0.779647
0.609633	-0.686355
0.667028	-0.537651
0.785824	-0.484262
0.502088	-0.717298
0.764767	-0.774014
0.667271	-0.600851
0.616656	-0.745694
0.675938	-0.747144
0.67842	-0.556771
0.559867	-0.883364
0.580505	-0.607872
0.660148	-0.71326
0.948275	-0.763434
0.88717	-0.622552
0.527122	-0.776075
0.401325	-0.536431
1.01142	0.151523
1.30361	-0.490331
1.32445	-0.835742
1.30234	-0.887263
1.32303	-0.83839
1.33397	-0.678542
1.38846	-0.437271
1.26675	-0.201847
1.25218	0.0180932
1.32913	-0.149493
1.39477	-0.374649
1.38415	-0.335096
1.39865	-0.519578
1.04738	-0.526297
0.852995	-0.363915
-0.133387	-0.370126
0.506179	-0.141145
1.15435	-0.416425
1.24894	0.0204507
1.54976	-0.00148447
1.57448	0.202728
1.51187	0.130255
1.61597	0.124337
1.40311	-0.0399569
1.30095	-0.118442
1.18459	-0.241053
0.897127	-0.624897
1.17045	-0.316756
1.36244	-0.64829
1.62371	-0.627735
1.62304	-0.748125
1.58985	-0.68225
1.47111	-0.56196
1.27403	-0.601341
1.29198	-0.368437
1.74391	-0.612656
1.48216	-0.318908
1.09253	-0.352129
0.899209	0.311043
1.0175	0.317471
1.0746	0.0549567
0.914781	-0.250629
1.04253	-0.459356
0.869182	-0.512711
0.735745	-0.352056
0.701347	-0.216654
0.628002	-0.203897
0.550782	-0.179587
0.485194	-0.354833
0.875403	-0.67822
1.2832	-0.304967
1.04847	-0.409533
0.8725	-0.438345
0.927016	-0.496628
0.836634	-0.494781
1.31737	-0.976773
1.29377	-0.783191
1.33172	-0.578168
1.27732	-0.479389
1.31663	-0.141542
1.1637	-0.17718
1.14226	-0.27756
0.999701	-0.542062
0.808712	-0.272517
1.00244	-0.534408
1.03485	-0.603653
1.12697	-0.78706
1.23396	-0.891923
1.16746	-0.913746
1.11129	-0.894034
1.09406	-0.927312
1.06614	-0.663538
1.13096	-0.462602
1.18527	-0.3398
0.956329	-0.420114
0.175959	-0.944364
-0.536017	-0.653661
-0.310865	-0.534171
-0.449334	-0.569569
-0.605978	-0.333671
-0.817557	-0.141545
-0.853906	-0.334862
-1.19937	-0.522664
-1.01246	-0.448636
-1.20858	-0.414962
-1.23608	-0.522059
-0.630997	-0.572283
-0.134449	-0.498239
0.45259	-0.768811
0.553136	-0.861883
0.424614	-1.15036
0.536457	-1.25625
0.6959	-1.2223
0.790135	-1.24583
1.16034	-1.28218
1.15402	-0.994185
1.1959	-0.664222
1.15371	-0.573396
0.943005	-0.817481
0.641591	-0.695794
0.751206	-0.828068
0.778811	-0.666967
0.833791	-0.529892
0.983935	-0.702811
0.898252	-0.850078
1.19523	-1.06349
1.13082	-0.939362
1.01016	-1.01535
0.85594	-0.981489
0.798757	-1.01674
0.69482	-1.04598
0.371722	-0.896625
0.186974	-0.827591
-0.138135	-0.6513
-0.228678	-0.436694
-0.0341727	-0.487316
0.148488	-0.496685
0.105155	-0.623655
0.143225	-0.786195
0.117327	-0.932418
0.00394402	-0.929741
0.242018	-1.01108
0.357799	-1.07159
0.57082	-1.12594
0.754623	-1.1099
0.795124	-0.877976
0.930973	-0.790416
0.938465	-0.562371
0.956263	-0.372599
0.874341	0.0523581
0.975867	0.130908
1.18936	0.157244
1.38823	0.108182
1.32974	0.00167699
1.21341	-0.111591
1.29293	-0.245306
1.09251	-0.313104
0.79613	-0.597142
0.895581	-0.586432
0.788845	-0.615609
0.773549	-0.546548
1.57756	-0.56232
1.30912	-0.418147
1.49889	-0.254948
1.59648	-0.722219
1.81651	-0.737815
1.45262	-0.0949762
1.4442	-0.426672
1.35967	-0.280806
1.30142	-0.203994
0.382873	-0.860644
0.243288	-0.919623
-0.0306079	-0.411006
-0.291724	-0.17364
-0.00792238	-0.102444
0.301731	-0.0822051
1.04967	-0.467788
0.983033	-0.448897
0.487139	-0.493147
0.672368	-0.310425
1.1475	-0.480005
1.28045	-0.702859
1.40429	-0.983916
1.51265	-1.21143
1.42584	-1.29938
1.35218	-1.27552
1.07467	-1.12164
0.968209	-1.05469
0.9658	-1.17639
0.854177	-1.27526
0.628739	-0.94984
0.886865	-1.39952
0.866396	-1.47695
0.901377	-1.56575
0.794068	-1.5883
0.791268	-1.61558
0.845027	-1.61858
0.766208	-1.53709
0.816379	-1.48512
1.04041	-1.30836
1.25486	-0.982691
1.22762	-0.484438
1.1693	-0.0753899
1.44016	-0.136544
0.232528	-0.0520457
-0.259103	-0.1365
-0.288063	-0.463162
-0.421742	-0.325379
-0.67836	-0.417577
-0.82634	-0.258551
-0.814852	0.019705
-1.04419	-0.181114
-1.20897	-0.253655
-1.26118	-0.143926
-1.31902	-0.194025
-1.2244	-0.0907098
-1.14413	-0.0600321
-1.12577	-0.366533
-1.14574	-0.228689
-1.13525	-0.394898
-1.33089	-0.163143
-1.50429	-0.0770857
-1.4078	-0.105547
-0.981702	-0.209276
-0.336235	-0.364309
0.216913	-0.486583
0.369415	-0.574763
0.459613	-0.427352
0.179909	-0.384394
0.360897	-0.534156
0.139428	-0.540211
0.322516	-0.4905
0.50425	-0.555311
0.596636	-0.57656
0.495749	-0.749146
0.541183	-0.488114
0.571113	-0.555347
0.400574	-0.614909
0.493301	-0.592672
0.367554	-0.470785
0.488574	-0.511057
0.547856	-0.967103
0.652878	-0.825402
0.450222	-0.713607
0.487733	-0.594095
0.704411	-0.436528
0.718546	-0.706455
0.751545	-0.517077
1.11333	-0.248382
1.10162	-0.0600027
1.2562	-0.0952017
1.23353	-0.228865
1.45925	-0.45636
1.2963	-0.868752
0.720678	-1.52032
0.230008	-1.54277
0.0214229	-1.39695
-0.18915	-1.20994
0.211673	-0.805133
0.877296	-0.680485
0.705593	-0.790624
0.51093	-1.03114
0.580019	-1.05455
0.467058	-0.926872
0.484522	-1.13098
0.695642	-0.944465
0.769849	-0.793004
0.406176	-0.764913
0.291143	-1.00321
0.48652	-0.844031
0.0961042	-1.07372
0.185979	-0.712107
0.423775	-0.65492
1.15579	-0.724366
1.39166	-0.340821
1.22334	-0.0292424
1.32458	-0.0711063
1.39923	-0.09571
1.33262	-0.308526
0.966651	-0.551327
0.811297	-0.511957
0.766557	-0.347241
0.585891	-0.302104
0.465475	-0.268965
0.458693	-0.549588
0.556133	-0.714233
-0.104208	-0.190506
-0.385803	0.310782
-0.217628	0.490568
0.251329	-0.262768
0.600127	-0.21301
0.540385	-0.284942
0.281769	-0.34122
0.79868	-0.223446
1.01398	-0.084958
1.00983	0.0379901
1.18768	-0.161461
1.2339	0.0462022
1.21861	0.055138
1.15629	-0.0422116
1.31288	-0.138843
1.38212	-0.229971
1.22787	-0.667144
0.0141067	-0.998771
-0.440366	-0.34817
-0.265782	-0.260839
0.386718	-0.144874
0.491428	-0.499227
0.642933	-0.231096
0.715533	-0.452036
0.81644	-0.623186
1.02883	-1.02245
1.10252	-1.35541
1.03486	-1.50699
1.0487	-1.57359
1.10172	-1.60433
1.11017	-1.57869
1.09951	-1.51866
1.06653	-1.45376
1.21587	-1.49999
1.18672	-1.36797
1.33602	-1.33636
1.40635	-1.27462
1.37676	-1.16178
1.4986	-1.05379
1.40454	-1.02145
1.2683	-1.02055
1.15477	-1.08061
0.894654	-1.01288
0.909257	-0.30804
0.654725	-0.653038
0.463442	-0.63333
0.698982	-0.683669
1.34961	-1.08427
0.94348	-1.50688
1.0303	-1.37739
1.14515	-1.14965
1.50081	-0.782358
1.03845	-0.971519
0.796786	-0.940764
0.912377	-0.93078
0.882446	-0.987039
0.636402	-0.84114
0.577055	-0.938235
-0.198872	-0.576794
-0.547599	-0.26216
-0.881147	-0.265929
-1.02623	-0.11131
-1.22109	-0.282762
-1.18803	-0.0581866
-1.01478	-0.277346
-0.648243	-0.438334
-0.651269	-0.502478
-0.607955	-0.234731
-0.748989	-0.243339
-0.459227	-0.273864
-0.237186	-0.481522
0.218458	-0.739219
0.44477	-0.774277
0.574639	-0.626823
0.669923	-0.548257
0.662366	-0.66974
0.652373	-0.654211
0.764735	-0.433606
0.813524	-0.671441
0.5058	-0.786321
0.773787	-0.555732
0.912475	-0.758403
0.848352	-0.601958
0.913698	-0.75101
0.589705	-0.758639
0.6691	-0.721461
0.720894	-0.619672
0.973554	-0.713316
0.901007	-0.75083
0.859846	-0.601701
1.00137	-0.381171
1.34259	-0.241231
1.48769	0.174253
1.64293	0.0360279
1.55904	-0.0449254
0.186165	0.105935
0.735221	0.153684
1.01919	0.558315
1.3928	0.0939763
1.42695	-0.0381041
1.45699	-0.0661142
1.3202	-0.154019
1.26926	-0.25702
1.16921	0.0208733
0.915844	-0.156566
0.731336	-0.310406
0.417018	-0.00759066
-0.146067	0.115052
-0.0178812	-0.0469443
-0.0331754	-0.0228789
0.82623	-0.203638
1.29764	-0.481659
1.30989	-0.298082
1.02443	0.139959
1.03725	0.0603977
0.936723	-0.264623
0.889282	-0.418552
0.991929	-0.532056
1.14002	-0.515449
1.02837	-0.618807
0.915847	-0.706364
1.00213	-0.727162
1.13564	-0.718452
1.29829	-0.487489
1.38725	-0.327849
1.35754	-0.157143
1.34789	-0.177312
0.292527	-0.467646
-0.127299	-0.141531
-0.105671	0.0451747
-0.234773	0.169576
0.0257329	-0.0577708
0.508205	-0.403935
1.05865	-0.761337
1.51747	-0.816005
1.46075	-0.908526
1.36373	-0.851068
1.41802	-0.435644
1.22254	-0.484316
1.21266	-0.482692
1.01593	-0.366265
1.04133	-0.304511
0.745654	-0.60688
0.307125	-0.161693
-0.726501	0.162588
-1.11278	-0.075557
-1.14804	-0.130528
-0.933563	-0.373823
-0.473454	-0.530871
-0.575191	-0.534918
-0.105131	-0.477271
0.582849	-0.497035
1.6205	-0.406613
1.41899	-0.441079
1.5117	0.109411
1.92378	-0.0618612
1.89766	-0.363051
1.94137	-0.303066
2.08964	-0.467885
1.70846	-0.107445
1.78879	-0.0512721
1.83576	-0.0990444
1.68418	0.0749853
1.74352	-0.0283411
1.49816	0.0707355
0.828072	-0.436012
0.544301	-0.163032
0.626943	0.126975
0.665224	0.0958849
0.717742	0.0999353
0.955862	0.15225
0.484635	0.0737932
0.308671	0.119562
1.15027	0.278683
1.33761	0.137854
1.42713	0.167667
1.7576	0.182812
1.38899	0.375386
1.45286	0.198941
1.35017	0.0126795
1.54348	-0.24197
1.38245	0.100535
1.32697	-0.348637
1.09083	-0.494007
0.849753	-0.60173
0.546439	-0.588141
0.286303	-0.41599
0.41191	-0.172922
0.992215	-0.195049
0.976809	-0.226383
1.06996	-0.278679
0.763956	-0.289651
-0.12038	-0.228345
-0.394702	-0.381717
-0.321655	-0.619465
-0.270855	-0.845142
0.152491	-1.24219
0.794727	-1.03908
0.971866	-0.442809
0.926925	-0.341044
0.847785	-0.314641
0.830907	-0.378507
0.814953	-0.349346
0.842411	-0.473335
0.946458	-1.23063
0.174271	-1.43642
-0.244486	-1.19315
-0.444832	-0.924124
-0.475079	-0.893437
-0.485591	-0.800738
-0.495435	-0.665302
-0.0965268	-0.686684
0.278842	-0.301146
0.587486	-0.597887
0.502374	-0.751816
0.248375	-0.812804
0.251785	-0.919003
0.49006	-0.876539
0.31079	-1.15772
0.100295	-0.935781
0.274921	-0.872473
0.316326	-0.863668
0.354869	-0.910757
-0.371513	-0.437698
-0.345122	-0.658913
-0.5869	-0.348713
-1.4578	-0.70159
-1.6315	-0.556323
-1.63156	-0.671256
-1.44271	-0.789738
-1.32969	-0.826202
-1.1398	-0.80898
-1.05478	-0.725385
-0.972031	-0.965205
-0.666722	-0.927373
-0.410155	-0.612812
-0.16846	-0.91439
0.187396	-1.15446
0.267075	-0.942871
0.31046	-0.781334
0.466818	-0.645147
0.395968	-0.820107
0.387718	-0.659882
0.509647	-0.646006
0.997092	-0.475789
1.16132	-0.444752
0.834519	-0.895668
0.672621	-1.18402
0.539212	-1.19285
0.649443	-1.14085
0.720559	-0.900439
0.922215	-0.79689
1.11712	-0.909803
1.16312	-0.951644
1.07032	-0.880152
0.902907	-0.82257
0.736932	-0.575903
0.612641	-0.271956
0.691255	-0.261211
0.764052	-0.128983
0.750055	-0.142814
0.720391	-0.240188
0.747661	-0.178184
1.05124	-0.270064
1.13661	-0.461957
1.12351	-0.580078
1.1719	-0.658394
1.33736	-0.630644
1.21676	-0.712717
1.30127	-0.778437
1.60484	-0.740519
1.9907	-0.839965
1.24814	-0.225524
0.993344	0.00882331
1.30589	-0.045669
1.09687	-0.407958
0.759999	-0.446746
0.452745	-0.500448
0.778208	-0.276711
0.91456	-0.138492
0.687406	-0.156052
0.698816	-0.283874
0.927167	-0.535255
0.559068	-0.253805
-0.442516	-0.261425
-0.748016	-0.209666
-0.815324	-0.2795
-0.729466	-0.599508
-0.521312	-0.867671
-0.260275	-0.755658
0.0537842	-0.815758
-0.287438	-0.70035
-0.325751	-0.671
-0.0634554	-0.891566
0.36247	-0.909477
0.0557927	-1.18836
-0.0910702	-1.20932
-0.303354	-1.21238
0.311481	-0.8392
0.904966	-0.758548
0.613668	-0.810606
0.463448	-0.99174
0.426005	-0.930882
0.507238	-1.10292
0.670363	-0.610733
0.133343	-0.500299
-0.794244	-0.199771
-1.16272	-0.437048
-1.12889	-0.636217
-0.930307	-0.611193
-0.972004	-0.601601
-0.497078	-0.621286
0.200486	-0.805754
0.349292	-1.24335
0.102725	-1.31951
0.272855	-1.36406
0.452639	-1.59884
0.654838	-1.75282
0.696885	-1.79248
0.922834	-1.90074
0.941581	-1.73011
1.01108	-1.72055
1.16385	-1.70211
1.35416	-1.66579
1.24321	-1.41374
1.67398	-0.76076
1.35006	-0.718639
1.03258	-0.733127
0.91082	-0.927709
0.765641	-1.20866
0.712975	-0.966016
0.640544	-0.895919
0.745252	-1.01006
0.540079	-0.98561
0.5585	-0.81789
0.697936	-0.923243
-0.34085	-0.283946
-0.360746	-0.148639
-0.41901	-0.149203
-1.05139	-0.174199
-1.02753	-0.180132
-0.809489	-0.054357
-0.610858	-0.254137
-0.0778142	-0.343839
0.391095	-0.655152
0.51765	-0.745419
0.470588	-0.84669
0.428116	-0.841184
0.692118	-0.796521
0.64676	-0.74746
0.490291	-0.752713
0.589352	-0.676483
0.659077	-0.690082
0.547765	-0.970944
0.752249	-0.670804
0.465039	-0.751089
0.598429	-0.874945
0.537701	-0.610953
0.599546	-0.723718
0.679704	-0.677608
0.5244	-0.941246
0.884689	-0.625313
0.698845	-0.532542
0.611161	-0.774715
0.764958	-0.76432
0.644588	-0.736566
0.634858	-0.894831
0.576462	-0.6296
0.699286	-0.589585
0.571771	-0.793333
0.725209	-0.756661
0.863207	-0.661417
1.02763	-0.311548
1.89252	0.110752
1.70063	0.0924651
1.63774	-0.0758249
1.47535	0.0122129
1.38876	0.0342361
1.50354	-0.0200377
1.47469	-0.0452444
1.50732	-0.204809
1.51305	-0.205796
1.28196	-0.27077
1.13897	-0.349653
1.46375	-0.127376
1.55181	0.180468
1.5151	0.104072
1.25365	0.309929
1.04232	0.247295
1.07022	0.563655
1.52318	0.214806
1.58991	0.153645
1.64132	0.245395
1.9084	0.348234
1.65535	0.0738292
1.50871	0.0927143
1.46898	0.144855
1.33229	0.174961
1.31552	-0.0736692
1.43431	-0.341183
1.4697	-0.795057
1.15808	-1.13096
0.97874	-1.33523
0.988978	-1.47724
0.896448	-1.43598
0.92084	-1.39882
0.820263	-1.28873
0.916123	-1.12344
0.657102	-0.920626
0.802874	-0.74718
0.948459	-0.653542
0.719084	-0.65483
0.837814	-0.700552
1.41163	-0.683627
0.824734	-0.711361
-0.0179518	-0.612613
-0.668584	-0.436217
-0.895369	-0.401474
-0.307692	-0.213825
0.678313	-0.486159
0.864685	-0.687393
0.825817	-0.847162
0.580678	-0.616445
0.148106	-0.66568
0.0822964	-0.936899
-0.527098	-0.754269
-1.16959	-0.981022
-1.01679	-1.07017
-0.504837	-0.788263
0.214248	-0.886533
0.46856	-0.585032
0.6745	-0.238147
0.75164	-0.111071
0.765309	-0.257476
0.681331	-0.248213
0.706169	-0.1235
0.707934	-0.00614461
0.797694	-0.0343432
0.996133	-0.134219
1.15294	-0.312803
1.47739	-0.532946
1.99989	-0.529643
1.3747	-0.108367
0.494004	-0.663801
-0.344967	-1.01218
-0.571421	-0.709375
-0.777951	-0.788244
-0.712144	-0.757628
-0.308135	-0.415099
-0.56024	-0.4046
-0.0331166	-0.130272
0.822807	-0.510861
0.904555	-0.552248
0.830428	-0.663272
0.677026	-0.707705
0.768315	-0.619267
0.59689	-0.52987
0.792276	-0.64545
0.88712	-0.575251
0.843366	-0.647934
-0.158755	-0.0126945
-0.518931	0.0970892
-0.0513328	-0.189533
-0.102851	-0.343088
0.26334	-0.435907
0.832734	-0.453525
0.648319	-0.720926
0.777633	-0.631706
0.51022	-0.707546
0.702226	-0.778814
0.914281	-0.583279
0.613875	-0.664967
0.689463	-0.665211
0.491196	-0.612383
0.460818	-0.596877
0.305234	-0.643761
0.43282	-0.623753
0.540342	-0.509585
0.233699	-0.773478
0.0118278	-0.950319
0.272867	-1.10073
0.511677	-0.983304
0.655512	-0.865891
0.9191	-0.826584
1.02453	-0.747264
1.38955	-0.747864
1.70521	-0.521702
1.14513	-0.225973
0.975703	-0.125719
0.90037	-0.158734
0.940877	-0.265708
0.740075	-0.0983862
0.654061	-0.124839
0.802728	-0.375384
0.715469	-0.525868
0.77584	-0.50422
0.922334	-0.314921
-0.40845	-0.557565
-1.10151	-0.57365
-0.985017	-0.133175
-0.724235	-0.410651
-0.265675	-0.45595
-0.212183	-0.440807
-0.240584	-0.494569
0.146764	-0.522369
0.625229	-0.50731
1.31588	-0.274082
1.61899	-0.168813
1.36454	-0.532142
1.63065	-0.903001
1.63167	-1.06129
1.36482	-0.911437
1.2547	-1.16516
0.926459	-1.21364
0.776687	-1.32839
0.664602	-1.33296
0.362691	-1.24117
0.74665	-1.46547
1.18673	-1.31341
1.30465	-0.733184
1.21025	-0.537591
1.04017	-0.366579
1.1538	-1.17408
0.908197	-1.26916
0.869324	-1.30345
0.788207	-1.24966
0.748741	-1.28118
1.09742	-1.05467
1.05075	-0.677173
0.70305	-1.07824
0.721223	-1.55696
0.535427	-1.70209
0.34009	-1.56364
0.0941457	-1.30394
0.0986394	-1.37809
0.354253	-1.45751
1.01735	-0.897015
1.07062	-0.722391
0.776509	-0.803556
0.970753	-1.00288
0.703733	-0.96843
0.480942	-0.69887
0.795467	-0.587643
1.31258	-1.09427
1.19	-1.29482
1.15889	-1.28994
1.24327	-1.19642
1.37783	-1.18562
1.55315	-0.645201
1.53848	-0.468999
1.66447	-0.561751
1.67109	-0.386693
1.32875	-0.344993
0.413394	-0.693181
0.474078	-0.686955
1.40752	-0.876455
1.46163	-0.802654
1.4834	-0.494458
1.06253	-0.235626
1.35517	-0.969461
1.35621	-1.23986
1.31449	-1.42851
1.09259	-1.55022
0.946904	-1.53026
0.88971	-1.50589
1.01874	-1.48171
1.0971	-1.49057
1.04594	-1.52255
1.00186	-1.52507
1.05152	-1.5411
1.14104	-1.53203
1.23022	-1.49611
1.26961	-1.44818
1.35982	-1.46682
1.52128	-1.5385
1.44494	-1.38209
1.35344	-1.09171
1.43321	-1.09876
1.42365	-0.819036
1.5361	-0.74369
1.64296	-0.547021
1.31766	-0.144699
1.36679	-0.177012
1.72265	-0.354919
1.6211	-0.430465
1.34368	-0.648829
1.18658	-0.691306
0.92553	-0.675692
0.745974	-0.771853
0.695648	-0.76431
0.87033	-0.717821
0.850044	-0.735683
0.878206	-0.716589
0.848643	-0.611236
0.997616	-0.717612
0.973752	-0.73536
0.939003	-0.603789
0.712159	-0.631776
0.872418	-0.731688
0.857697	-0.699713
0.537155	-0.7124
0.653096	-0.77284
0.615957	-0.652511
0.596837	-0.555539
0.575915	-0.719261
0.769963	-0.648842
0.856999	-0.650544
0.7515	-0.661207
0.700905	-0.811144
0.303811	-0.703581
0.828264	-0.719099
1.69629	0.00292069
1.22616	0.49935
1.50022	0.0415094
1.39033	-0.10961
1.37071	-0.401329
1.44976	-0.581014
1.96861	-0.199197
1.58095	0.061992
1.63952	0.144841
0.969416	-0.89629
0.514124	-0.942748
0.635494	-0.383822
0.285589	-0.314261
0.521775	-0.139243
0.756289	-0.211378
1.03663	-0.463261
0.768173	-0.438001
0.661838	-0.272801
0.70269	-0.266616
0.563852	-0.157567
0.249216	0.14832
0.558371	0.0124199
0.525518	-0.207966
0.399685	-0.182058
0.429765	-0.0812732
0.532705	-0.0260202
0.487003	-0.048708
0.519138	-0.249812
0.349115	-0.303685
0.0818206	-0.049186
-0.199482	-0.245824
-0.172108	-0.230382
-0.482074	0.0393666
-0.380436	-0.148938
-0.455645	-0.342058
-0.32412	-0.22937
0.00468648	-0.197573
0.098755	-0.472628
0.0067246	-0.498434
-0.0340123	-0.177917
0.0170056	-0.492688
0.399684	-0.487886
0.633589	-0.440562
0.812	-0.564742
0.950507	-0.508877
1.27784	-0.688705
1.51287	-0.462247
1.10915	-0.365472
1.1017	-0.293271
1.28641	-0.284475
1.11582	-0.343018
1.17168	-0.477099
1.26675	-0.674032
1.16201	-0.655735
1.23834	-0.725588
1.10313	-0.914216
1.16458	-0.950598
1.09047	-0.48011
1.33181	-0.801287
1.38053	-0.278174
1.42969	-0.294266
1.28188	-0.290552
0.70413	-0.580408
0.402722	-0.775488
0.799931	-0.77822
0.74225	-1.06323
0.693095	-1.20913
0.655511	-1.34574
0.749726	-1.299
1.08343	-1.13256
1.30366	-0.81375
1.29246	-0.784414
0.836686	-0.749327
0.149033	-1.16387
-0.105876	-1.0286
-0.0282818	-1.05643
0.104978	-1.13556
0.306669	-1.34819
0.907154	-1.32209
1.36765	-0.744084
1.35184	-0.730349
1.28527	-0.685473
1.17303	-0.71667
1.16585	-0.758213
1.32944	-1.0677
1.1534	-1.70168
0.710797	-1.67635
0.663898	-1.60182
0.702405	-1.55211
0.761193	-1.52597
0.780713	-1.51059
0.562619	-1.26761
0.661594	-1.09038
1.18314	-1.07614
1.22814	-1.06191
1.35231	-1.07897
1.383	-1.09549
1.46624	-1.01845
1.42194	-0.713623
1.49528	-0.560941
1.5674	-0.370859
1.71148	-0.316362
1.77712	-0.504787
1.66532	-0.409454
1.59008	-0.319699
1.57028	-0.317977
1.60075	-0.239594
1.28159	-0.334898
1.25033	-0.447351
1.0184	-0.719465
0.981647	-0.744836
0.649928	-0.840425
0.668958	-0.711268
0.522067	-0.609951
0.448696	-0.630173
0.746004	-0.622571
0.801729	-0.510002
0.765253	-0.544536
1.23822	-0.216611
1.24107	-0.170137
1.36003	-0.209584
1.35152	-0.0211025
1.03261	0.0696071
0.441352	-0.205119
1.47759	-0.266971
1.42898	-0.29493
1.34852	-0.383618
1.29893	-0.131555
1.28984	0.32679
1.83579	0.165153
1.52819	-0.0652319
1.26414	-0.315943
0.964212	-0.391108
1.01284	-0.0567896
1.02845	0.0151734
1.06379	0.136822
0.916252	-0.00461656
1.54782	0.249456
1.61769	0.0675716
1.66595	0.0121787
1.52139	0.0252375
1.33459	0.157426
1.40135	-0.169844
1.3053	-0.355134
1.35058	-0.513099
1.30469	-0.656935
1.48247	-0.961111
1.31417	-1.13704
1.33972	-0.887229
1.295	-0.771044
1.46777	-0.788673
1.58748	-0.42079
1.65362	-0.361833
1.41272	-0.179978
1.5008	-0.132217
1.4947	-0.332425
0.800689	0.0171877
0.338535	-0.194884
0.03644	0.223578
0.862555	-0.235984
1.20873	-0.295857
1.27988	-0.227757
1.21919	-0.232926
1.18414	-0.35057
0.960517	-0.0400189
1.10435	0.253709
1.04754	0.206807
0.993785	0.154929
0.916485	0.0560518
1.15793	-0.419909
1.26296	-0.332018
0.744088	-0.5918
0.670449	-0.103965
0.737266	-0.0217385
0.257351	-0.0379142
0.249569	-0.168327
-0.331717	-0.574937
0.586217	-0.541027
0.940488	-0.486656
-0.224795	-0.532468
-0.4934	-0.481469
-0.690957	-0.470868
-1.1436	-0.494849
-0.92021	-0.638388
-0.237585	-0.722728
0.12359	-0.834168
0.615298	-1.37617
0.805835	-1.70088
0.867971	-1.71817
1.00641	-1.70244
1.03807	-1.45422
1.1917	-1.19011
1.59794	-1.15779
1.51041	-0.86265
1.42029	-0.619705
1.41834	-0.519009
1.42264	-0.312174
1.55035	-0.155503
1.32549	0.0153295
1.32525	0.0261106
1.26961	-0.425157
1.24265	-0.373679
0.950882	-0.419118
0.803242	-0.738216
0.7641	-0.688365
0.941679	-0.53927
0.758733	-0.823873
0.76364	-0.807866
0.721612	-0.6117
0.797598	-0.687969
0.725895	-0.676643
0.770865	-0.70908
0.688093	-0.50135
0.71849	-0.701519
0.765181	-0.518021
0.570779	-0.793102
0.900062	-0.655884
0.786528	-0.626258
0.693817	-0.599803
0.630607	-0.494371
0.877574	-0.685716
0.644444	-0.674979
0.586621	-0.688405
0.651235	-0.899485
0.705507	-0.745943
0.541523	-0.573437
0.71194	-0.745239
0.856826	-0.664839
0.846435	-0.572441
1.44591	-0.0175603
1.50669	-0.209414
1.57621	-0.10808
1.34153	0.0860959
1.2146	0.0709427
1.01023	0.261817
0.996364	0.255195
1.26196	0.100715
1.3003	-0.0134271
1.29415	0.0505639
1.42157	-0.112065
1.64914	-0.155897
1.61253	0.137643
1.48177	0.0303038
1.28868	-0.175129
0.946232	-0.401101
0.877042	-0.285945
1.17397	-0.0612889
0.945701	0.387498
0.977316	0.220616
1.33812	0.537802
1.40056	0.480993
1.79292	0.374427
1.84507	0.0844554
1.86839	-0.159718
1.90353	-0.362544
1.63016	-0.437079
1.44464	-0.382227
1.31532	-0.453075
1.26723	-0.38582
1.54952	-0.390895
1.18945	-0.230146
0.89752	-0.0716229
0.875545	0.175208
0.906057	0.183524
1.05227	0.404737
1.11241	0.477373
1.15651	0.353827
1.06782	0.161917
0.985994	0.0982793
0.979682	0.224553
1.05581	0.287945
1.04695	0.418194
0.705082	0.210276
0.592165	0.624858
0.574784	0.656808
0.799363	0.278836
0.932115	0.353357
1.19229	0.266647
1.36495	0.0624055
1.44808	0.398945
1.33014	0.290601
1.32129	0.116737
0.587908	-0.510771
0.530579	-0.898172
1.15663	-0.310562
1.24823	0.0254265
1.25261	0.237966
1.17359	0.42535
1.20461	0.385218
1.24001	0.245797
1.36368	0.158865
1.60359	-0.0622449
1.59857	-0.215452
1.69828	-0.520402
1.57253	-0.610218
1.40587	-0.443381
1.31032	-0.49243
1.22986	-0.579166
1.00488	-0.517346
1.05505	-0.654158
1.30279	-0.812319
1.10393	-0.829301
1.15713	-0.825737
1.60524	-0.267869
0.68585	-0.247065
-0.584511	-0.355518
-1.01542	-0.17519
-1.15003	-0.0932933
-1.10596	-0.0557361
-1.14909	-0.360655
-1.01137	-0.392764
-0.606105	-0.653745
0.0794254	-0.770789
0.98568	-0.670347
0.628448	-1.26743
0.584075	-1.42308
0.776381	-1.56384
0.971712	-1.64018
1.35895	-1.79047
1.40817	-1.5596
1.54937	-1.36539
1.6274	-1.28589
1.62944	-1.0388
1.56485	-0.768194
1.57527	-0.767235
1.50478	-0.612458
1.6123	-0.721527
1.69443	-0.243167
1.58261	-0.134696
1.2535	-0.524399
1.33978	-0.645485
1.10637	-0.706356
1.09017	-0.846118
0.948038	-0.760137
0.797914	-0.694357
0.67408	-0.815207
0.546517	-0.805274
0.530586	-0.669191
0.557497	-0.846457
0.542443	-0.691128
0.557959	-0.579385
0.448335	-0.664409
0.420017	-0.723233
0.475372	-0.719511
0.616592	-0.69171
0.549645	-0.886073
0.487003	-0.737978
0.371591	-0.886416
0.45669	-0.701423
0.564146	-0.74278
0.695092	-0.850906
0.73538	-0.810206
0.578062	-0.457588
0.771984	-0.710052
0.931978	-0.69671
0.584217	-0.664408
0.792298	-0.7541
0.621457	-0.699535
0.427649	-0.80698
0.687215	-0.707093
0.254156	-0.51829
0.162333	-0.838763
0.0478706	-1.00906
-0.219837	-0.894392
-0.208411	-0.904051
-0.312588	-0.893986
-0.309132	-0.806167
-0.255972	-0.820097
-0.217061	-0.689795
0.0946708	-0.743002
0.283424	-0.732173
0.436307	-0.809815
0.525134	-0.732268
0.575018	-0.585601
0.540727	-0.465533
0.50437	-0.525368
0.675748	-0.64354
0.848426	-0.558376
0.0560841	0.0866296
-0.862626	0.195625
-1.12647	-0.195829
-1.14141	0.0129204
-1.30536	-0.065078
-1.32271	-0.193219
-1.46668	-0.272264
-1.4145	-0.118563
-0.856556	-0.131348
0.0847882	-0.756417
0.887373	-0.535902
1.15466	-0.858993
0.764137	-0.58193
0.58766	-0.55864
0.673897	-0.599669
0.7637	-0.428582
0.950989	-0.404439
0.864195	-0.233528
0.843968	-0.211683
0.77115	-0.235155
0.859598	-0.167468
0.670584	-0.182584
0.816503	-0.237495
0.833141	-0.288791
0.964224	-0.18813
0.925237	-0.0983807
1.17857	-0.240113
1.56393	-0.418641
1.46893	-0.211976
1.41337	-0.0917851
1.66785	-0.233078
1.53706	-0.12027
1.40162	0.0484659
1.21928	0.141449
1.2656	0.144731
1.22415	0.0816652
1.12791	-0.0462718
0.910775	-0.119753
0.417786	-0.152328
0.000291897	-0.0914999
-0.219924	-0.104615
0.808099	-0.11904
1.14921	-0.190995
0.877516	-0.200942
1.0002	-0.342304
-0.114462	-0.0622019
-0.291909	-0.132776
0.030604	-0.573744
0.0423811	-0.787835
0.161077	-0.667783
0.134186	-0.72848
0.0588315	-0.708766
0.0124011	-0.831844
-0.0933406	-0.707535
0.102892	-0.82472
0.520299	-0.788396
1.40463	-0.320148
1.58874	-0.273755
1.52484	-0.437722
1.57721	-0.641279
1.38809	-0.526267
1.37948	-0.439654
1.7246	-0.4053
1.88887	-0.2469
1.78221	-0.708411
1.99159	-0.465626
1.98812	-0.462727
2.26818	-0.405052
2.26886	-0.335066
1.91721	-0.0656658
1.60362	-0.118708
1.60869	-0.262487
1.39546	-0.0637678
1.33438	-0.115674
1.48164	-0.184871
1.41658	-0.660952
1.0832	-0.889259
0.935766	-0.966816
0.998276	-1.03574
0.919491	-0.888474
0.743358	-0.470001
-0.0952743	0.099723
-0.0614127	0.0922444
0.175018	0.257232
0.481536	-0.249871
0.766039	-0.73247
0.622357	-0.592691
0.967898	-0.542671
0.880704	-0.508748
-0.402829	-0.137573
-0.915086	-0.290158
-0.893608	-0.691826
-0.418359	-1.15084
0.776082	-0.906029
1.35303	-0.635389
0.942475	-0.712916
0.728586	-0.460421
1.03564	-0.437368
0.780133	-0.364605
0.786883	-0.322843
1.12708	-0.424311
1.5362	-0.186194
1.43535	-0.0567703
1.34084	-0.201946
1.65135	-0.495739
1.97858	-0.505105
1.90063	-0.115174
1.6734	0.0165682
1.47239	0.0254694
1.44632	-0.238052
1.34478	-0.127857
1.49997	-0.162258
1.20403	-0.270753
1.02779	-0.458696
0.912536	-0.470528
1.00353	-0.569636
0.707852	-1.38385
0.441328	-1.38939
0.171049	-1.16851
0.105103	-1.0884
0.11913	-1.09207
0.145242	-1.09801
0.168717	-1.04707
0.384281	-1.29655
0.474919	-1.37967
0.659453	-1.48848
0.902823	-1.61479
1.01236	-1.56418
0.930167	-1.50084
1.02744	-1.47601
1.03203	-1.41772
0.970425	-1.31225
1.19378	-1.38416
1.34065	-1.32494
1.17037	-0.959244
1.17915	-0.428035
1.18087	-0.587057
1.15426	-0.646647
0.777308	-0.598903
-0.0663153	-0.53216
-0.62263	-0.409832
-0.845492	-0.492449
-1.02643	-0.0823368
-0.863701	-0.00806325
-0.960919	-0.172788
-1.03845	-0.248323
-1.11208	-0.430673
-1.41735	0.0326402
-1.16053	-0.217639
-1.20653	-0.330286
-1.23994	-0.158273
-1.34399	-0.113333
-1.23068	0.0235761
-0.992904	-0.451722
-0.622917	-0.39025
-0.0266842	-0.662983
0.312354	-0.995672
0.167215	-0.482355
0.441355	-0.753914
0.342452	-0.62494
0.227689	-0.612971
0.346739	-0.358292
0.453156	-0.708345
0.486657	-0.712876
0.522965	-0.615895
0.602534	-0.672277
0.405832	-0.748279
0.644018	-0.700672
0.62404	-0.682768
0.620362	-0.865589
0.604358	-0.690804
0.7804	-0.841703
0.702492	-0.905379
0.848577	-0.794897
0.895905	-0.692215
0.811237	-0.58473
0.720249	-0.719046
0.92964	-0.686609
0.622209	-0.743302
0.621679	-0.613791
0.955938	-0.711644
0.601527	-0.612767
0.962571	-0.571485
0.97771	-0.406242
1.09139	-0.213796
0.822503	-0.361454
1.49609	-0.106736
1.29466	-0.107617
1.59952	0.223572
1.65029	-0.0264068
1.59756	-0.0557772
1.59398	0.0395626
1.57839	-0.206631
1.46561	-0.171375
1.3236	-0.256449
0.884021	-0.314948
0.0509879	-0.729497
-0.059165	-0.916474
0.00942388	-0.985284
0.563903	-0.769255
1.53995	-0.568036
1.63953	-1.02506
1.30928	-1.11992
1.16019	-1.1649
1.03665	-1.19937
1.17889	-1.41353
1.0031	-1.34085
0.860007	-0.932193
0.775206	-0.529484
0.932391	-0.309734
0.963725	-0.140024
0.885854	-0.0354677
1.09002	0.0286407
1.39216	0.205862
1.45971	0.168896
1.37491	0.264937
1.36833	0.220713
1.43986	-0.200417
1.28097	-0.0665566
-0.361234	-0.585903
-0.868413	-0.207521
-1.3415	0.211996
-0.861679	0.0137699
-1.29408	-0.273291
-0.934564	-0.54322
-0.320441	-0.591695
0.0376375	-0.315726
0.648876	-0.473601
0.416765	-0.721641
0.273125	-0.707172
0.478582	-1.10059
0.536993	-1.16246
0.594218	-1.13587
0.612691	-1.09387
0.779853	-1.04245
0.805228	-1.05885
1.13894	-0.933188
0.842729	-0.850131
0.802034	-0.928918
0.820577	-1.03355
1.0647	-1.02336
0.971497	-1.27164
1.05578	-0.465331
0.82576	-0.298262
0.801366	-0.42539
0.75743	-0.596304
0.770208	-0.602808
0.76963	-0.505969
0.946407	-0.492968
1.11139	-0.450581
1.41779	-0.0310145
0.912786	-0.475441
1.10133	-0.171696
0.962647	-0.38015
1.09854	-0.330916
0.820741	-0.153109
0.773299	-0.148263
0.698955	-0.241855
0.640177	-0.459055
1.07943	-0.532108
1.44426	-0.251781
1.21118	-0.0152252
1.47412	0.0376327
1.43195	-0.0137058
1.45178	0.000411412
1.39991	-0.0504301
1.51809	-0.0532659
1.11984	-0.462516
0.724629	-0.736565
0.326992	-0.468714
0.296673	-0.507914
0.355295	-0.429873
0.300611	-0.389363
0.135984	-0.264205
-0.0441844	-0.274278
-0.127414	-0.517874
-0.207786	-0.604467
-0.0469802	-0.660176
-0.0185593	-0.66517
0.336065	-0.786575
0.694973	-0.422435
0.686828	-0.43781
0.780234	-0.453022
0.818115	-0.422833
0.706674	-0.658664
0.766308	-0.350085
-0.346011	-0.0986062
-0.763696	-0.0663389
0.0644872	-0.223432
0.857934	-0.545688
0.753216	-0.558935
0.946082	-0.841384
1.28916	-0.969572
1.46698	-0.698459
1.54414	-0.306071
1.57741	-0.316114
1.58567	-0.289854
1.60405	-0.159098
1.33606	-0.511414
0.952423	-1.06946
0.7541	-1.08735
0.78465	-1.12558
0.652955	-1.15167
0.776405	-1.20238
0.932791	-1.33226
1.28587	-1.34151
1.57989	-1.20379
1.64769	-0.920929
1.72458	-0.885522
1.61475	-0.942064
1.46044	-0.872303
1.48638	-0.966219
1.54958	-1.21465
1.32638	-1.27033
1.12642	-1.39435
0.880329	-1.53232
0.520712	-1.48163
0.396945	-1.43403
0.523344	-1.55124
0.137535	-1.24106
0.325334	-1.05063
0.646732	-0.415074
-0.38722	0.0276665
-1.2983	0.21351
-1.39707	-0.146109
-1.44047	-0.0975067
-1.35835	-0.0561968
-1.34558	-0.224292
-1.19666	-0.284475
-1.18459	-0.187598
-1.26136	-0.205104
-1.37359	-0.109948
-1.2552	0.0707882
-1.37065	0.0167701
-1.17235	-0.16912
-0.977049	-0.486416
-0.951855	-0.301593
-0.43472	-0.493686
0.0533977	-0.667198
0.186762	-0.615149
0.356519	-0.473343
0.229277	-0.548032
0.251697	-0.438552
0.34787	-0.330865
0.327818	-0.522796
0.510858	-0.618514
0.298461	-0.59433
0.295623	-0.621225
0.345162	-0.641151
0.446928	-0.516897
0.542403	-0.694217
0.647337	-0.737267
0.695	-0.520101
0.48868	-0.679702
0.378323	-0.735097
0.668077	-0.877108
0.514118	-0.880544
0.51413	-0.868333
0.439272	-0.898102
0.536384	-0.693002
0.739451	-0.757298
0.529525	-0.742472
0.636084	-0.516992
0.72954	-0.591087
0.560743	-1.00896
0.716534	-0.796931
0.784277	-0.633318
0.630735	-0.687932
0.559638	-0.612235
0.621202	-0.732754
0.620848	-0.797795
0.919462	-0.596041
0.944324	-0.599369
0.874099	-0.469817
1.60702	0.196682
1.85554	0.358856
1.57559	0.127748
1.68364	0.0381024
1.46509	0.160235
1.35288	0.266544
1.23347	0.249744
1.22596	0.336074
1.35437	0.208051
1.48605	0.250022
1.63133	-0.0194693
1.76412	-0.0535899
1.58221	-0.0337169
1.2234	-0.274488
1.09024	-0.536745
0.820051	-0.642514
0.707601	-0.952994
0.857888	-0.760274
0.881414	-0.758008
1.49735	-0.749083
1.0266	-1.08207
1.01801	-1.24667
1.16916	-1.45243
1.19285	-1.62639
1.22324	-1.60551
1.07885	-1.33138
0.911746	-0.982748
0.745986	-0.729967
1.13634	-0.766977
0.942261	-0.469082
0.377599	-0.296847
-0.247409	0.019328
-0.742552	0.247744
-0.482943	0.0753626
0.372121	-0.194364
0.226023	-0.268371
0.793326	-0.0699252
1.42414	0.0168973
1.23478	-0.242751
0.830707	-0.0853462
0.603912	0.129163
0.447492	0.221441
0.424305	0.21424
0.553054	0.153571
0.584461	0.132737
0.494329	-0.109564
0.330252	0.232311
0.273178	0.282918
0.289111	-0.0659974
0.383114	-0.306414
0.345226	-0.480932
0.25723	-0.560849
0.262856	-0.628932
0.500543	-0.793021
0.813656	-0.710381
0.897809	-0.237725
0.839466	-0.144457
0.603927	-0.276543
0.51657	-0.456593
0.944457	-1.28572
0.377791	-1.05623
-1.06248	-0.573408
-1.06057	-0.476666
-1.2476	-0.426755
-1.48295	-0.43082
-1.43948	-0.508527
-1.28632	-0.526838
-1.01887	-0.745311
-0.788668	-0.877311
-0.565762	-0.980976
-0.0903001	-0.832109
0.243988	-0.552745
0.225557	-0.854961
0.120831	-0.917514
0.160327	-1.03359
0.280119	-1.12062
0.374046	-1.09941
0.536369	-1.0673
0.548001	-0.910653
0.713223	-0.792594
0.953638	-0.736347
1.1695	-0.637956
1.22339	-0.533256
1.2163	-0.418968
1.12798	-0.346868
1.04098	-0.317007
0.917231	-0.312245
1.04328	-0.362188
1.12535	-0.290725
1.38	-0.177939
1.55388	0.0102574
1.39871	-0.0932686
1.22127	-0.194004
1.09517	-0.391868
0.698012	-0.164504
0.562104	-0.072426
0.828291	-0.186836
0.825016	-0.316488
0.934489	-0.428527
1.27263	-0.418219
1.25023	-0.36466
0.959827	-0.278247
0.985682	-0.258315
0.798375	-0.0688698
0.769696	-0.0552298
0.873558	0.111043
1.10891	-0.0711795
1.20513	-0.253383
1.18726	-0.428028
1.18331	-0.494204
1.11155	-0.527446
0.878999	-0.581319
0.802514	-0.624555
0.922367	-0.679574
1.13651	-0.85493
1.07083	-0.804063
1.09164	-1.05582
0.870635	-1.37497
0.559751	-1.41707
0.466466	-1.2273
0.522784	-1.07759
0.958115	-0.791638
1.0677	-0.698016
1.04923	-0.65826
0.857862	-0.579371
0.601111	-0.524242
0.854601	-0.59119
1.04601	-0.424187
1.49606	-0.0533467
0.773567	-0.325052
0.284416	-0.715932
0.208486	-0.698544
0.28479	-0.781805
0.357599	-0.915416
0.490602	-0.863778
0.831495	-0.592417
1.79813	-0.0440375
1.52195	0.0124743
1.48185	-0.182072
1.84452	-0.159578
2.00395	-0.260597
1.75771	0.0436588
1.75231	-0.257653
1.3174	-0.103608
0.932385	0.281662
0.896709	0.0214778
1.25831	-0.444199
1.0328	-0.536294
1.05823	-0.699406
0.449648	-1.17897
0.0880103	-0.762537
0.97703	0.183682
1.50786	-0.33642
1.57195	-0.432251
2.13357	-0.372374
1.73872	-0.451105
1.41998	-0.591098
1.3168	-0.855449
1.52882	-1.09487
1.42543	-1.22569
1.4242	-1.37005
1.38708	-1.24984
1.4106	-1.31395
1.38044	-1.27251
1.45827	-1.22571
1.36693	-1.2573
1.18485	-1.1624
1.25836	-0.949508
1.2441	-0.813416
1.46439	-0.558796
1.03899	-0.659383
0.966161	-0.616219
0.851958	-0.651165
0.793005	-0.772977
0.628844	-0.688371
0.765566	-0.778262
0.767488	-0.693968
0.760075	-0.738103
0.964314	-0.654394
0.813674	-0.76823
0.654573	-0.828862
0.65789	-0.882566
0.609575	-0.748426
0.274741	-0.649742
0.482993	-0.494042
0.704228	-0.722204
0.657754	-0.635974
0.632527	-0.586963
0.78021	-0.408192
0.585571	-0.400099
0.80291	-0.652689
0.801092	-0.631077
0.835209	-0.541283
0.689021	-0.633274
0.864409	-0.672238
0.987536	-0.681502
0.682633	-0.924322
0.729176	-0.750279
0.678642	-0.697107
0.701996	-0.579485
0.839386	-0.886452
0.709622	-0.613694
0.919782	-0.76828
0.816401	-0.773027
0.586558	-0.720836
0.667235	-0.729025
0.621761	-0.661382
0.769969	-0.93545
0.734054	-0.816826
0.641177	-0.841472
0.607575	-0.798155
0.612235	-0.831954
0.695173	-0.839148
0.707055	-0.881321
0.574343	-0.86747
0.517127	-0.727449
0.500844	-0.831862
-0.131056	-0.985533
0.424838	-0.913412
0.797957	-0.919897
0.503928	-0.925322
-0.201238	-0.492529
-0.592682	-0.605457
-0.605562	-0.252373
-0.247296	-0.223564
0.189247	-0.539918
0.099065	-0.802159
0.208942	-0.750805
1.18857	-0.415453
1.43408	-0.508157
0.484041	-0.484828
0.284938	-0.66383
0.499019	-0.85419
0.48606	-0.884071
0.545184	-0.828313
0.541877	-0.707019
0.670659	-0.632714
0.597622	-0.165692
0.453825	-0.31416
0.211799	-0.131323
0.207564	-0.0796126
0.631179	-0.293672
0.875759	-0.327243
0.24703	0.414471
0.724274	0.234117
1.04975	0.385229
1.24232	0.31759
1.12411	0.189103
1.1542	0.14559
1.123	0.0449932
1.2095	0.204085
1.09869	0.0515382
0.980126	0.150033
1.08768	0.116278
1.16563	0.107149
1.19091	0.0557871
1.23384	-0.456499
0.842319	-0.431877
0.75618	-0.407813
0.686426	-0.561306
0.516852	-0.402463
0.415098	-0.379871
0.693805	-0.478602
0.139831	0.0346981
-0.515462	0.300265
-0.416764	0.10984
0.36005	0.0867076
0.878743	-0.221536
0.84176	-0.360974
1.50776	-0.309568
1.74915	-0.411749
1.60173	-0.43902
1.54525	-0.914317
1.29303	-0.988005
1.39663	-1.35214
1.76037	-1.35103
1.73612	-1.19909
1.55118	-0.800559
1.30661	-0.203568
0.812331	-0.351249
1.27052	-0.588383
1.32258	-0.893005
1.16501	-0.90483
1.31321	-1.09404
1.23048	-1.09987
1.21954	-1.13905
1.12952	-1.03395
1.23775	-0.982987
1.41659	-0.810383
1.65125	-0.505972
1.34015	-0.534405
1.06544	-0.752292
1.10238	-0.839128
0.882651	-0.857119
0.833155	-0.751226
0.857013	-0.716721
0.706787	-0.848179
0.742403	-0.862388
0.9013	-0.730734
0.902529	-0.829508
0.764902	-0.713264
0.833338	-0.801531
0.786841	-0.737705
0.754926	-0.675691
0.484293	-0.713953
0.86623	-0.415228
0.97479	-0.562385
0.924878	-0.512695
0.958679	-0.617596
0.862758	-0.754709
0.950575	-0.746265
1.11577	-0.812698
1.07115	-0.877551
1.18464	-0.778803
0.912948	-0.873498
0.74423	-0.830921
0.562108	-0.671379
0.732072	-0.802567
0.753245	-0.863417
0.512011	-0.637882
0.763583	-0.694522
0.8591	-0.962099
0.455158	-0.650237
0.76285	-0.698101
0.903587	-0.742231
0.751602	-0.618745
0.825044	-0.736556
0.901415	-0.848171
0.633416	-0.760326
0.594908	-0.60281
0.72876	-0.787205
0.678311	-0.654853
0.738098	-0.868762
0.726616	-0.880123
0.892937	-0.850019
0.841404	-0.666298
0.803405	-0.732758
1.01973	-0.660459
1.44824	-0.905824
1.2653	-0.907422
1.24945	-0.882745
1.3574	-0.719216
1.36991	-0.555071
1.00427	-0.0933582
0.553771	0.270569
0.126552	-0.528512
0.0818248	-0.604772
-0.0981403	-0.305114
-0.639213	-0.138717
-0.474194	-0.266584
-0.650165	-0.174902
-0.20874	-0.344677
0.157993	-0.515368
1.15682	-0.56619
0.950844	-0.568059
0.82526	-0.485892
0.994098	-0.303123
1.32643	-0.0174834
1.31759	0.0438806
1.10777	0.0255386
1.2139	-0.150386
1.20954	-0.143534
1.37728	-0.312187
1.43704	-0.11261
0.635936	-0.652622
0.597596	-0.488452
0.943724	-0.209533
0.840223	-0.303499
0.600114	-0.365665
0.787714	-0.559339
0.816745	-0.375927
0.992223	-0.238371
1.05303	-0.133547
1.05305	-0.0399466
1.40523	-0.331805
1.22129	-0.0260288
0.972607	0.0843221
0.991294	-0.12838
1.05952	-0.0242065
1.00688	0.617321
1.1717	0.560508
1.40588	0.288511
1.49976	0.271851
1.28627	-0.0534597
1.26976	-0.0985838
1.23281	0.0733304
1.32623	0.0728105
1.49182	-0.240153
1.1651	-0.153515
0.935378	-0.220327
0.838441	-0.234748
0.872354	-0.306113
0.874125	-0.543929
1.08777	-0.763498
0.815241	-0.604102
0.945392	-0.553198
0.431174	-0.512278
-0.729446	-0.416133
-1.15071	-0.298917
-1.15352	-0.172049
-1.23727	-0.108255
-1.33737	-0.185521
-1.16292	-0.462219
-0.59969	-0.645112
-0.0940741	-0.957235
0.296492	-1.042
0.932215	-0.745206
0.850481	-0.864228
0.709778	-0.654434
0.697315	-0.506097
0.854079	-0.435342
0.93244	-0.325879
0.971966	0.0518498
1.04265	0.327055
1.09559	0.192663
1.23423	0.171803
1.28007	0.216029
1.44325	0.276097
1.24137	0.119075
1.14128	-0.0472539
0.76653	-0.0812178
0.522442	0.298777
0.670483	0.300518
0.711978	0.280524
0.852167	0.28414
0.843272	0.229907
0.675211	0.26382
0.870011	0.0266235
1.26359	-0.34565
1.24299	-0.103307
1.10663	-0.0662127
1.19321	-0.233205
1.1806	-0.259969
1.03703	-0.266286
1.17318	-0.338796
1.33102	-0.307211
1.1445	-0.364066
0.98325	-0.705055
1.01632	-0.987821
1.05276	-1.24534
1.25769	-1.4103
1.44305	-1.36528
1.13733	-0.652428
1.12544	-1.03449
1.15507	-1.18466
1.23299	-1.16937
1.27211	-1.05348
1.67689	-0.983296
1.77715	-0.60254
1.79759	-0.721341
1.65907	-0.622656
1.64124	-0.716473
1.70113	-0.704003
1.80687	-0.590699
1.68253	-0.745041
1.67323	-1.03463
1.59435	-1.07078
1.68096	-1.10684
1.76581	-1.30929
1.80855	-1.27621
1.85722	-1.16314
1.76258	-0.796111
1.74866	-0.520775
1.76374	-0.429838
1.64815	-0.623076
1.39662	-0.565069
1.59457	-0.665354
1.23071	-0.476476
1.25912	-0.459077
1.43124	-0.410867
1.5804	-0.288458
1.70054	-0.355286
1.68845	-0.555547
1.66994	-0.829505
1.4937	-0.884044
1.26643	-0.955051
1.47025	-1.22942
1.42941	-1.21152
1.43904	-1.14471
1.43492	-1.0345
1.50245	-0.936127
1.36066	-0.759141
1.42188	-0.715886
1.43273	-0.935891
1.42751	-0.456009
1.59127	-0.544761
1.40873	-0.33751
1.43412	-0.262978
1.13463	-0.395998
1.34069	-0.362362
1.25351	-0.609152
0.901884	-0.534365
1.05875	-0.610848
0.935193	-0.687023
0.825254	-0.817243
0.778295	-0.690547
0.825076	-0.821226
0.851602	-0.638799
0.924627	-0.751803
0.738136	-0.642936
0.718553	-0.80052
0.703615	-0.756465
0.780075	-0.772873
0.704431	-0.743322
0.396468	-0.967362
0.640569	-0.916912
0.648497	-0.815909
0.585645	-0.732609
0.700115	-0.798406
0.708138	-0.661583
0.628343	-0.766585
0.750353	-0.868808
0.706601	-0.836483
0.550841	-0.784003
0.705329	-0.908443
0.849796	-0.839416
0.704625	-0.850039
0.592774	-0.711758
0.699274	-0.822538
0.818187	-0.917551
0.845935	-0.907611
0.946829	-0.858474
0.942297	-0.807555
0.722902	-1.01265
1.08284	-1.15627
0.72023	-0.542463
1.44927	-0.828641
1.41335	-1.21245
1.25664	-1.26766
1.13928	-1.07712
1.06449	-0.793757
1.04175	-0.440668
0.849724	-0.472796
1.35009	-0.678651
0.452752	-0.0593304
-0.491516	-0.12119
-1.06718	-0.0522438
-1.2399	0.160421
-1.03201	0.1168
-0.85938	-0.201227
-0.587093	-0.465762
0.00250429	-0.760486
0.691862	-0.618313
0.469595	-0.357606
0.645552	-0.807624
0.639079	-0.741112
0.526758	-0.445688
0.445892	-0.287686
0.143758	-0.372974
-0.166985	-0.225224
-0.889768	0.198345
-0.557668	-0.404047
0.0283575	-0.375155
0.431244	-0.44716
0.398257	-0.378822
0.538947	-0.429344
0.68241	-0.442187
0.618137	-0.498612
0.518659	-0.411765
0.896025	-0.362364
1.24653	-0.593656
1.10039	-0.365901
1.08974	-0.400099
1.20208	-0.420055
1.10825	-0.408379
0.196027	-0.308282
0.286199	-0.143403
-0.358979	-0.107365
-1.18966	-0.148948
-1.37458	0.0373655
-1.53703	0.0749914
-1.03349	0.129116
-0.583888	-0.296666
-0.245272	-0.449992
0.269481	-0.424427
1.24324	-0.540401
1.21069	-0.697327
1.16385	-0.689283
1.24871	-0.535789
1.21568	-0.325934
1.27125	-0.0327243
1.10883	-0.0810159
0.9077	-0.00739328
0.757722	-0.152009
1.01584	-0.50244
1.08137	-0.371419
0.920101	-0.201926
0.853677	-0.2622
0.795346	-0.445232
0.790407	-0.353021
1.10618	-0.367734
1.15464	-0.278533
1.14746	-0.31688
1.09512	-0.438958
0.901688	-0.500809
0.839626	-0.782697
0.878901	-0.899719
0.855246	-0.876073
1.01245	-0.950357
1.07181	-1.11504
1.27538	-1.22498
1.17577	-1.27906
1.00529	-1.23438
1.15591	-1.14159
1.31454	-1.14481
1.62777	-1.20943
0.901926	-0.694427
1.10457	-0.839336
1.27169	-1.00789
1.27682	-1.06354
1.13719	-0.866318
1.48874	-1.00315
1.49537	-0.957509
1.35853	-0.781112
1.40947	-0.715292
1.51965	-0.775267
1.4149	-0.725626
1.44627	-0.782329
1.55169	-0.904644
1.54914	-0.887027
1.84916	-1.16878
1.67435	-0.904467
1.78216	-0.917212
2.05619	-1.04239
1.95732	-0.941795
1.81587	-0.904845
1.8807	-1.05826
1.96667	-1.00135
1.80349	-1.12931
1.68519	-1.20573
1.45099	-1.23301
1.2577	-1.30608
1.25461	-1.3304
1.25109	-1.19957
1.20052	-1.03003
1.3212	-1.06074
0.777617	-0.807486
0.821781	-1.09223
1.1926	-1.12999
1.74904	-1.04245
1.72527	-0.674049
1.31888	-0.612795
1.32798	-0.677171
1.37125	-0.825972
1.22162	-1.30833
0.746373	-1.31713
0.505753	-1.15084
0.290838	-0.884566
0.286942	-0.944813
0.366411	-0.861205
0.397377	-0.692791
0.713511	-0.875519
0.759641	-0.844962
0.651729	-0.837177
0.433853	-0.745511
0.767906	-0.69388
0.78904	-0.705603
0.873258	-0.670726
0.988957	-0.773918
0.566987	-0.868714
0.689306	-0.813429
0.518789	-0.585912
0.667107	-0.680495
0.775879	-0.747729
0.509227	-0.884815
0.663958	-0.93238
0.626633	-0.749811
0.69842	-0.846125
0.729492	-0.859268
0.794182	-0.899688
0.7992	-0.683291
0.62825	-0.738144
0.608143	-0.725389
0.824142	-0.599406
0.557995	-0.762747
0.982972	-0.313915
2.05107	-0.135256
1.62645	-0.639486
1.25182	-0.705252
1.03758	-0.594186
0.897014	-0.208833
0.948414	-0.152725
1.15294	-0.156032
0.484847	-0.033088
-0.930136	-0.0564105
-1.14285	0.0141361
-1.08809	-0.108446
-1.27287	0.0214553
-1.46492	-0.069301
-1.43474	-0.135644
-0.887922	-0.111929
-0.299699	-0.484214
0.924135	-0.445621
1.20974	-0.67454
0.559591	-0.501683
0.464332	-0.325256
0.421733	-0.192967
0.630785	-0.415215
0.378834	-0.301756
0.238074	-0.431606
0.0195768	-0.438705
-0.0922252	-0.58237
-0.118919	-0.59346
-0.161039	-0.669238
-0.160413	-0.662154
-0.184723	-0.74206
-0.141311	-0.946546
-0.222421	-0.988646
-0.101618	-1.02865
0.145386	-1.06531
0.253691	-0.751966
0.681247	-0.411611
1.03776	-0.0993531
1.43779	-0.223269
1.58101	-0.397392
1.2167	-0.277955
0.906008	-0.0118749
1.06234	-0.316593
1.31346	-0.559202
1.00828	-0.367373
0.738215	-0.593674
0.634601	-0.683994
0.434636	-0.682967
0.266996	-0.451754
0.268625	-0.458076
0.271507	-0.36379
0.661297	-0.405101
1.3805	-0.337293
1.76539	-0.36126
1.56424	-0.312169
1.19021	-0.187914
1.03393	-0.242489
0.940728	-0.526739
0.832479	-0.769771
0.837288	-0.641112
0.22845	-0.88301
0.143869	-1.0554
0.533479	-0.56269
0.795315	-0.275259
0.63605	-0.211538
0.743124	-0.401109
1.05892	-0.891987
1.04609	-1.26683
1.0125	-1.32822
1.02853	-1.27667
0.947202	-1.14245
1.23229	-0.85896
1.5307	-0.687104
1.16643	-0.787858
1.04129	-1.00675
1.12837	-1.02612
0.956598	-1.1177
1.10345	-0.549407
0.825732	-0.699982
0.851095	-0.763112
0.921183	-0.984902
1.07925	-1.11528
1.22244	-1.11955
1.24169	-0.915355
1.28382	-0.688013
1.35089	-0.48551
1.38498	-0.351933
1.51538	-0.344329
1.52688	-0.617328
1.63655	-0.464001
1.22671	-0.259744
1.01816	-0.199297
0.843844	-0.0994139
0.748857	-0.09722
0.621791	-0.0054095
0.602757	-0.0631547
0.745242	-0.43223
0.733473	-0.654705
0.759163	-0.975266
0.830685	-1.16172
0.790336	-1.16428
0.711695	-1.08291
0.625501	-1.02068
0.728119	-1.0939
0.781946	-1.19821
0.78468	-1.25157
0.519002	-0.818738
0.953715	-0.650161
0.978744	-1.16558
0.785672	-0.787076
0.755707	-0.876869
0.678783	-0.98064
0.600235	-0.941031
0.678427	-0.852695
0.591857	-0.711993
0.442996	-0.726812
0.907077	-0.498038
1.32744	-0.713661
1.66361	-0.418343
1.72744	-0.746356
1.58077	-0.802566
1.5171	-0.868885
1.66017	-0.906291
1.44998	-1.1013
1.49084	-1.4463
1.30864	-1.54269
1.1925	-1.64348
0.891724	-1.59839
0.782891	-1.59172
0.447563	-1.36895
0.0923558	-1.09585
0.0119696	-0.578321
-0.0987384	-0.286894
-0.123588	-0.211315
-0.285839	-0.0529197
-0.803055	-0.361561
-0.814398	-0.569753
-0.5913	-0.381354
-0.251947	-0.491044
0.119459	-0.561702
0.340663	-1.04391
0.482745	-1.28605
0.384938	-1.17496
0.612266	-1.37833
0.799651	-1.30667
0.959455	-1.4574
1.01053	-1.44673
0.9873	-1.46007
1.21152	-1.58046
1.27948	-1.32915
1.08691	-0.690855
0.828318	-1.11613
0.554891	-1.36323
0.198343	-1.17188
0.104044	-1.16177
0.143423	-1.26643
0.135928	-1.28391
0.166523	-1.31416
0.21859	-1.29644
1.10192	-0.669666
1.02576	-0.450506
1.08494	-0.446538
1.03331	-0.602185
0.718732	-0.546959
0.424657	-0.491566
1.03169	-0.583759
0.793822	-0.329901
0.317265	-0.181108
0.0461986	-0.0272562
0.265903	-0.204689
0.910681	-0.805738
0.865645	-0.918997
1.05332	-0.983187
1.10642	-0.867147
1.61704	-1.00115
1.54748	-0.656307
1.08719	-0.413554
-0.549716	-0.094136
-1.14581	-0.334256
-1.38745	-0.277276
-1.46407	-0.216516
-1.6841	-0.390979
-1.83162	-0.54117
-1.51399	-0.394192
-1.02994	-0.521447
-0.441129	-0.765496
0.22798	-0.942285
0.563872	-0.886978
0.573175	-1.49034
0.653024	-1.63593
0.722677	-1.63125
0.777624	-1.6094
1.10333	-1.52473
1.36829	-1.51102
1.50911	-1.38898
1.46786	-1.13031
1.66421	-0.860593
1.68016	-0.452948
1.79038	-0.461374
1.21556	-0.665713
1.00147	-0.715069
0.822082	-0.812054
0.84251	-0.595632
0.768211	-0.710216
0.803384	-0.719913
0.770164	-0.724259
0.646365	-0.6333
0.587811	-0.632186
0.670868	-0.69237
0.731232	-0.444596
0.702452	-0.616046
0.787102	-0.642186
0.714725	-0.547477
0.796643	-0.696501
0.881723	-0.507996
0.759863	-0.582158
0.76348	-0.765977
0.686106	-0.936963
0.927106	-0.830451
0.861901	-0.662079
0.756365	-0.611793
0.566207	-0.825897
0.695565	-0.610661
0.612109	-0.579629
0.668453	-0.457542
0.659014	-0.814545
0.629146	-0.896474
0.756812	-0.699425
0.735137	-0.853401
0.92502	-0.712898
0.821994	-0.914396
0.581017	-0.938686
0.823445	-0.74601
1.00541	-0.64827
1.01706	-0.63058
0.994401	-0.660528
1.03889	-0.576744
1.07901	-0.33781
1.2167	-0.537725
1.35804	0.0321101
1.60492	-0.103086
1.74166	-0.410447
1.59258	-0.400998
1.43254	-0.390183
1.36703	-0.423289
0.716985	-0.171821
0.644785	-0.191315
0.745106	-0.298971
0.957088	-0.396203
1.1605	-0.614154
1.35099	-0.638403
1.73553	-0.564622
1.49344	-0.159056
1.19297	-0.304279
0.957082	-0.519956
1.00363	-0.459908
0.899123	-0.481568
0.114304	-0.0413309
0.82386	-0.175141
0.975819	-0.466683
0.965713	-0.556229
0.98744	-0.470404
1.03369	-0.222084
1.12491	0.136074
1.14246	0.321603
1.18956	0.365879
1.13372	0.470039
1.29864	0.640383
1.22985	0.100762
1.40178	-0.423151
1.07425	-0.395026
0.417152	-0.530768
-0.322188	-0.331465
0.34608	0.0946756
1.12285	-0.157226
1.24416	-0.0916791
0.996443	-0.0748619
0.933757	-0.179948
0.912344	-0.191859
0.995508	-0.224715
1.47423	-0.380976
1.61319	0.0413202
1.40173	-0.0353904
1.2304	-0.23148
0.973104	-0.523455
0.654752	-0.543142
0.665727	-0.58975
0.474376	-0.237834
1.02689	-0.107897
0.589419	-0.169344
0.628864	-0.191514
0.692146	-0.286635
0.609668	-0.197657
0.652129	-0.0547643
0.615314	-0.0310697
0.675929	-0.150505
0.787659	-0.44808
1.05502	-0.673162
1.54859	-0.715048
1.26008	-0.248013
0.871777	-0.275325
0.642534	-0.727334
0.520617	-1.17577
1.05357	-0.500157
1.05865	-0.680455
1.01987	-0.779052
1.07437	-0.706476
1.51623	-0.493115
1.78674	-0.440963
1.02212	-0.33566
0.42478	-0.469855
0.339622	-0.414544
-0.0259143	-0.549466
0.00213088	-0.839377
0.198976	-0.746357
0.81861	-0.662772
1.89041	-0.854894
1.61796	-1.21035
1.10852	-1.42657
1.01024	-1.3843
0.977477	-1.45738
1.10509	-1.44988
1.17657	-1.4535
1.33189	-1.31183
1.4801	-1.01624
1.45224	-0.873505
1.35936	-1.04135
0.93746	-1.33356
0.925548	-1.57434
0.763599	-1.55982
0.594809	-1.25839
0.529356	-0.992351
0.354488	-0.78198
0.288337	-0.798708
0.367015	-0.869867
0.517404	-0.905965
0.645891	-1.06623
0.528147	-0.643515
0.661662	-0.674316
0.665358	-0.728476
0.650051	-0.882103
0.809979	-0.874206
0.497285	-0.910269
0.550096	-0.835701
0.520052	-0.79206
0.487758	-0.802094
0.564392	-0.914894
0.546945	-0.799197
0.716863	-0.852576
0.738831	-0.728257
0.75872	-0.871844
0.662061	-0.70347
