-14.9489	0.722635
-15.6043	-2.45659
-17.2931	-5.0007
-15.4494	-3.1173
-16.347	-5.67201
-18.06	-1.36726
-15.0623	-0.324329
-13.8299	4.52129
-14.0111	-2.56695
-12.5433	0.833289
-7.34047	0.25328
3.70255	8.38039
4.23197	9.21574
7.31243	-0.713642
3.39604	-4.3073
-2.20799	-7.68395
-5.87466	-8.54408
-10.0669	-4.83676
-11.5438	-3.40479
-9.78191	-3.35911
-8.07652	-3.66605
-5.29368	-3.02526
-1.17611	-2.92724
1.79464	-4.21628
0.816611	-4.45647
1.29858	-5.89351
0.0417615	-7.80079
-4.08047	-10.972
-6.9538	-11.6885
-10.3297	-12.3433
-12.0843	-12.1253
-10.4604	-12.5251
-10.6282	-9.62283
-8.94308	-9.20598
-0.809486	-6.94303
-0.348819	-5.99576
0.671209	-4.76743
0.432785	-3.12405
1.92062	-4.84246
-2.61113	-5.41906
3.61713	-4.68546
9.82244	-9.55845
11.6925	-8.36026
7.59453	-1.74999
3.43561	2.54243
0.82982	1.23707
0.181136	-4.27332
-7.83304	-6.53212
-13.254	-4.81708
-3.25455	-5.72502
-3.80279	-9.47389
-7.85902	-9.15018
-6.53294	-2.88693
-6.30451	-0.360473
-9.82844	-2.16498
-16.5734	-1.60296
-13.9529	0.482449
-20.3352	-2.71591
-22.539	-4.83288
-8.89786	4.19731
-13.3937	-1.28375
-13.462	-7.09293
-17.4902	-6.34169
-18.3073	-6.46541
-17.4893	-8.34041
-7.34268	0.199869
-7.30563	1.48188
-6.65117	-1.16863
-4.92469	-0.334503
-3.74592	-3.48226
-2.49835	0.861453
-3.39231	-0.724489
-7.72579	1.70555
-2.73021	2.14535
-3.94785	4.81074
-4.61034	3.0217
-5.00007	2.52659
-8.34619	-5.34585
-14.5652	-11.4261
-15.2182	-12.7189
-14.6204	-14.3079
-13.9506	-13.5518
-10.9754	-15.8883
-7.64392	-19.5096
-4.85065	-20.4884
0.75463	-24.7145
0.83037	-23.9918
2.01487	-23.2821
-0.424504	-19.4125
-4.97441	-10.6299
-4.32412	2.72558
-5.42075	-0.791638
-8.37546	-6.24218
-9.74867	-3.8618
-14.0782	-2.55239
-17.3956	-6.53958
-8.16292	7.52011
-13.1192	2.41421
-9.72823	-2.46963
-5.8861	-7.45938
-6.69332	-5.77744
-6.43411	-4.48805
-7.06904	-2.8816
-11.2241	-1.95553
-15.1481	0.0928822
-15.024	1.54588
-15.6397	2.10362
-15.6807	2.71608
-15.7791	3.18556
-15.6948	1.75477
-9.99937	-2.31853
-17.4252	1.2515
-18.2999	3.09931
-22.8348	1.62091
-24.7226	0.17212
-20.6358	-4.10328
-16.2541	0.815975
-16.2302	2.11048
-16.2812	0.745228
-12.6173	-2.32286
-12.8766	2.92615
-13.864	0.773943
-13.7691	0.751094
-14.3392	-1.95015
-16.4851	-1.1505
-13.0243	-0.502846
-12.6652	1.17175
-11.1858	2.65124
-10.8848	-3.19813
-12.198	0.892044
-10.3183	2.53255
-13.8167	0.774551
-11.3515	1.13146
-8.48103	0.84479
-13.8653	0.400596
-14.0795	1.12874
-12.4149	1.04122
-14.4351	0.325725
-14.0234	-0.556838
-14.9071	4.79164
-15.4	1.51934
-12.8726	0.174318
-13.5131	-1.01267
-13.8535	-1.04428
-13.85	-3.66835
-12.1147	-0.79971
-15.701	-2.15209
-15.331	-5.30197
-20.0647	-5.80366
-18.4648	-11.7071
-18.4736	-11.5024
-17.8722	-10.7235
-15.9192	-11.7635
-14.8316	-13.4615
-13.9773	-11.4929
-10.5439	-8.35174
-3.69867	-2.72068
-1.68084	-4.51874
-1.12957	-1.91713
-1.88605	0.515815
-4.15198	3.6006
-4.95475	3.62383
-5.72354	9.29896
-11.2175	2.00452
-10.6235	3.45237
-11.1568	5.93947
-15.4907	-11.4134
-17.4222	-10.8575
-15.6887	-8.13075
-15.5057	-5.14957
-15.5146	-1.37446
-14.2201	0.407134
-12.0216	1.40657
-10.5872	0.974405
-9.43079	0.0810204
-8.45187	1.71035
-7.01125	2.99997
-4.54154	3.97483
-0.978762	5.59244
0.352543	6.87313
-0.659422	12.4998
-1.60564	13.471
-1.58045	13.5657
-1.96503	12.5902
-1.02131	13.8459
-0.522732	12.6488
0.0153736	12.128
1.65264	13.6277
0.816706	13.1738
-1.73682	13.1487
-2.48685	13.0969
-2.46472	11
-5.91601	4.93674
-11.0537	0.322793
-16.1725	-0.334764
-18.1443	-0.00590833
-20.6273	-1.41617
-22.0336	-0.164909
-22.8587	2.20621
-22.0172	3.06525
-19.2953	4.44452
-16.7835	5.19659
-14.1579	4.11316
-10.591	4.13468
-5.39479	3.22379
-1.34664	5.30216
-0.00143946	3.7904
0.917202	3.76199
2.50929	1.76281
3.17644	3.33076
2.39382	3.8054
1.03086	5.89282
0.698982	6.8233
-2.60047	5.13395
-1.66975	3.33017
-5.68816	-6.54482
0.415169	-8.30303
1.01687	-7.36759
-1.15542	-6.62834
-1.85241	-2.63422
-2.36372	-0.864687
-6.71238	5.11046
-6.97342	6.62337
-11.7519	3.99924
-10.2038	4.90525
-10.5897	2.66615
-13.8983	-0.307349
-12.7703	-6.22636
-14.068	-9.41731
-16.6335	-10.6122
-18.2351	-10.2732
-20.4049	-7.62136
-21.1238	-8.30735
-20.963	-7.92058
-20.6146	-7.36103
-19.6509	-6.14298
-20.4055	-5.95108
-20.9506	-5.29831
-20.6526	-5.40479
-20.04	-6.29666
-16.9832	-7.72919
-16.8631	-4.76852
-16.3536	-2.61367
-16.9655	0.167058
-20.1724	-2.68356
-16.8312	-3.92308
-17.7383	-3.35994
-17.6797	-0.835341
-17.4719	-2.06408
-21.1653	-8.40407
-20.6476	-6.08696
-16.9647	-1.0127
-15.8816	-0.508239
-16.3787	0.243746
-15.3611	-1.42867
-15.5115	-1.04255
-16.7965	1.67927
-16.154	1.1817
-14.5116	1.29018
-17.7263	0.718012
-14.0324	0.077278
-15.2714	-0.819575
-17.1963	1.11227
-12.3469	1.96747
-11.9871	0.950069
-15.6619	-0.103866
-15.0068	0.399573
-12.1397	0.549741
-14.635	1.98339
-13.7818	0.544677
-17.8569	-0.525634
-16.2827	-0.486676
-17.713	-3.37639
-12.0217	2.13382
-13.2692	0.0351364
-15.9305	0.234957
-12.8949	1.53659
-13.4161	-2.43889
-14.1097	-0.801266
-12.6661	1.89946
-11.294	4.81238
-8.87988	1.47419
-9.11895	-3.13677
-5.19366	2.38532
2.52286	5.60927
-1.07815	5.75993
-2.75791	5.86364
-6.57608	5.45446
-8.73061	3.46574
-8.7274	-2.16489
-10.0953	-6.57639
-10.5567	-5.27214
-9.94895	-4.21196
-5.00136	-2.98402
-1.29193	4.03522
-2.11639	3.67
-2.63511	5.43273
-1.00364	4.21759
8.76943	-7.48804
8.38755	-9.04599
8.30114	-9.11239
10.7657	-10.0256
9.02911	-9.77603
5.54554	-9.05088
0.0585385	-7.66489
-3.81212	-11.2144
-9.07189	-9.58767
-12.4525	-7.75287
-12.7281	-9.35886
-6.64084	-2.68515
-3.72757	-2.85276
-0.85807	2.16836
-2.75679	-1.21496
-8.78342	-2.21478
-11.1678	3.56843
-13.0716	-4.85538
-11.7605	-10.9098
-13.3323	-9.48919
-17.8951	-5.67078
-18.4452	-3.11999
-19.4455	-0.752573
-15.667	0.690564
-11.6573	-19.5884
-11.2612	-21.5986
-10.8526	-22.7489
-8.57354	-26.7487
-7.44807	-25.1412
-6.12765	-26.3705
-4.60239	-27.9323
-2.85882	-29.6256
-1.42271	-27.6204
-0.716629	-25.9999
-2.67035	-24.6893
-2.14981	-23.5951
-3.41949	-17.7649
-6.51208	-4.46743
-8.80394	-6.33835
-11.9319	-6.29424
-7.37604	-12.9084
-7.17135	-15.1522
-8.0374	-12.1634
-10.0809	-8.58196
-14.3611	0.88188
-9.12789	-1.31164
-7.03126	-0.0109636
-14.6416	-5.44374
-18.4566	-0.683376
-11.8365	-6.56517
-12.6292	-1.07095
-9.96166	-7.79583
-8.4675	-8.5131
-2.09112	-8.69659
-5.23487	-7.49175
-7.81656	-0.164208
-5.45245	1.16976
-9.41244	2.02304
0.575029	5.87482
1.20758	9.33518
2.55958	10.8462
-1.33013	11.6576
-6.09421	14.8335
-8.58163	16.8943
-7.92711	8.42786
-2.69013	4.24783
-4.67237	2.04608
-12.4526	6.45648
-15.3984	6.76245
-14.7662	6.42266
-15.288	6.10981
-17.7149	6.79321
-15.3477	4.51648
-15.9576	2.93813
-19.2644	5.58227
-19.9795	7.82294
-8.79268	10.9327
-7.16163	11.1613
-8.95117	11.02
-8.1582	9.35559
-6.86908	9.04309
-6.83576	8.07608
-6.30204	5.93477
-7.52585	3.75087
-2.99759	3.7031
-5.57006	8.44127
-10.981	6.09347
-11.2125	2.93757
-15.638	-0.150437
-15.1386	-1.45468
-12.9971	-0.342488
-12.1994	-9.05661
-10.0296	-14.553
-6.3849	-9.28446
-3.69366	-9.02788
-1.22977	-7.72035
0.204629	-4.50529
-3.78501	-10.266
-5.57957	-7.69784
-4.59978	-9.83273
-4.61162	-6.74548
-6.09552	-8.18356
-10.1826	-10.4279
-7.869	-6.85566
-11.8633	-2.92409
-12.3064	-3.08624
-13.9998	-6.39848
-12.6827	-0.311417
-13.7304	-3.79935
-12.2768	-3.43021
-15.0569	-2.55325
-16.5845	-1.95106
-15.0519	-1.93387
-14.4378	-0.16806
-16.1537	0.306645
-15.1	0.669591
-12.7602	0.0799709
-9.0519	0.0250222
-14.3402	0.757417
-13.1787	1.70982
-15.7669	-1.71536
-12.1419	-1.61086
-14.6667	-9.74348
-15.1859	-2.74761
-15.3968	-3.31116
-19.0322	-2.51243
-18.3282	-1.69841
-16.2192	-3.23909
-13.7596	-3.95378
-14.1278	-0.356501
-13.9708	1.44959
-9.8801	0.669736
-13.5786	-0.705833
-19.7088	-9.37187
-23.0268	-18.1997
-18.0155	-15.7175
-12.6496	-9.13092
-9.80062	-18.2896
-8.88345	-19.9883
-9.70406	-14.9357
-7.85191	-14.8553
-8.8518	-13.0387
-1.79079	-3.77826
-0.203302	-1.1054
3.26421	0.610619
0.262613	-1.89876
0.89336	0.747279
0.609554	0.792385
0.390564	4.13877
-0.0680776	4.41357
-1.91348	6.06841
-2.02541	7.04291
-3.26361	4.40711
-3.98347	-6.15954
-4.31696	-13.577
-6.42975	-16.8127
-6.45842	-17.4784
-5.9339	-15.4657
-2.58199	-17.098
-5.16108	-9.73705
-5.44444	3.21517
-3.62157	3.92139
-6.40695	-2.25049
-3.16533	-12.1511
-4.55376	-11.7937
-7.19708	-4.82108
-10.1188	0.352933
-12.0469	0.215731
-11.8503	-0.608302
-10.0784	-1.47459
-10.1392	-0.956289
-11.5246	-3.37356
-6.43543	-8.11351
-4.83458	-17.7264
-5.85933	-16.746
-5.32122	-17.0707
-6.64786	-15.4664
-6.97596	-13.4143
-6.28414	-12.1254
-6.06489	-7.86713
-4.84979	-8.15664
-5.13395	-11.061
-6.02574	-12.6175
-6.55839	-14.8225
-8.9369	-14.4289
-7.69117	-11.4629
0.359298	-10.2763
2.20359	-14.4844
-0.800974	-10.8711
-4.60031	-12.8433
-6.37184	-10.0819
-2.17536	-9.91341
-1.42971	4.57592
-7.24921	8.45447
-5.23406	-2.19118
-15.6302	-2.87579
-9.36736	-3.35158
-3.4106	-8.65319
-3.79814	-6.34057
-7.39251	-13.0314
-3.76587	-5.08402
-7.45723	-0.735971
-9.39193	-6.22179
-11.662	-1.77671
-11.4658	-1.2687
-13.4749	-3.53842
-13.376	2.37258
-12.8848	6.19084
-14.675	8.89949
-12.3279	15.9811
-4.01468	9.14691
-1.62954	-0.270494
1.49511	-5.05278
2.34888	-4.75997
3.41151	-2.66689
0.893119	3.70515
1.09696	6.51147
1.70207	5.70266
3.09091	2.45856
2.96459	4.58371
-0.785915	10.3746
3.17137	4.50309
6.21716	-3.16878
4.717	-5.2952
5.64577	-5.44988
2.58925	-3.81862
0.991069	0.201258
1.17567	0.914632
-0.682619	2.52673
1.21675	-0.950729
-0.163162	-1.56766
-0.685843	-1.83671
-5.21882	-1.61684
-6.1709	-3.32785
-5.60624	-5.00622
-6.81854	-3.4489
0.364728	-2.95623
-3.22901	1.73034
-1.45927	0.955039
-2.77809	3.24621
-2.91828	5.30936
2.39656	-0.0283539
6.17386	-0.00221495
9.91569	-6.49008
7.95518	-3.52876
7.12173	0.712121
7.8706	4.96317
7.26281	10.3671
3.72635	14.735
-0.026931	15.7433
-4.18699	14.2119
-7.20325	9.35061
-8.34776	4.34903
-8.51208	-0.208812
-7.5085	-3.12793
-8.7525	-4.77853
-9.79489	-5.55238
-9.20636	-7.73557
-10.1158	-8.88058
-10.3878	-10.5837
-10.8711	-10.5769
-13.5643	-8.98948
-14.4893	-7.7898
-13.7105	-5.40183
-15.0016	-1.89943
-12.7773	-2.95488
-15.1613	-1.46079
-1.62726	-2.00897
2.05798	0.0101507
0.524601	0.466612
-3.98619	2.43966
-11.8539	0.695648
-8.60981	1.733
-5.48584	-5.72793
-7.68108	-9.0516
-8.2841	-7.96552
-8.01842	-8.92515
-10.4115	-9.74076
-15.7377	-12.9488
-16.5628	-11.9864
-16.5269	-11.6899
-17.4933	-12.0461
-17.1371	-12.7973
-16.6086	-14.4265
-15.9616	-15.764
-15.9314	-17.1581
-14.8628	-16.5326
-11.9345	-17.6969
-11.8225	-17.4322
-8.6995	-19.2564
-9.17743	-17.1117
-8.04594	-18.0586
-4.65484	-19.1049
-2.55506	-21.4668
-3.26635	-19.3282
-4.64211	-15.1548
-4.02706	-12.0686
-4.65397	-11.3251
-5.75948	-10.1194
-7.86501	-5.12673
-6.16243	-3.77129
-9.76682	-6.75882
-6.56386	-6.63648
-6.32973	-4.7821
-7.80588	-4.27265
-8.14931	-3.95026
-5.4111	-4.74373
-7.17043	-8.86535
-11.3232	-4.02444
-3.46384	2.67074
-5.42526	2.46876
-3.97435	1.56313
-4.75003	0.0673766
-5.21539	1.15435
-3.28823	2.57198
-3.28325	1.0554
-13.8176	5.69473
-10.9813	-6.91267
-8.87475	-9.96977
-10.6541	-8.73226
-12.3067	-9.60833
-13.7165	-4.61088
-7.46474	3.07297
-6.59743	-3.64871
-8.58341	-9.40666
-10.1752	-7.53524
-9.49055	-5.52423
-11.2882	-7.93626
-14.8233	-7.32281
-17.7094	-13.9568
-16.8432	-13.6278
-14.7002	-7.24721
-14.1681	-12.9562
-11.5435	-13.6921
-7.37023	1.77844
-10.3444	8.71078
-15.7484	0.575479
-13.0329	-7.16718
-13.8175	-2.45196
-4.57136	4.13075
-5.38239	9.66297
-5.89357	6.5625
-6.21328	5.92047
-7.48086	3.32342
-12.093	-3.03248
-12.8604	-4.21555
-19.0962	-1.0884
-18.2377	2.24404
-14.0899	8.20709
-3.02627	8.56138
-3.2059	2.13818
-4.59721	-5.25328
-2.2657	-7.43999
-1.0555	-10.0249
0.0401728	-8.55566
0.100965	-7.61636
0.354912	-5.88555
0.298384	-3.29062
-0.998909	-0.682373
-0.656697	-1.12253
-1.42429	0.853615
-1.26568	-0.11897
-2.93647	0.556096
-3.45377	1.75774
-3.5881	1.77756
0.0163958	-0.556155
2.80748	-0.948904
5.612	-4.32784
7.05924	-4.9578
6.75812	-4.68149
3.05444	-3.24591
-4.90934	2.55373
-5.89259	2.53108
-4.01665	0.683816
-4.99227	1.75448
-5.36013	1.68645
-3.87493	1.23353
-3.42572	0.794065
-3.41541	1.83259
-3.33528	0.963966
-4.2981	-1.97733
-7.52532	-1.9391
-7.90086	-5.34137
-7.5032	-8.06313
-6.21486	-12.3471
-8.58565	-12.0908
-5.75989	-14.2291
-9.80598	-11.9386
-8.23441	-16.7108
-7.49835	-17.2804
-6.03202	-11.3816
-6.86511	-3.35045
-13.9424	-7.52967
-16.6347	-5.40963
-16.7147	-7.92833
-18.125	-6.51602
-15.9204	-1.71034
-15.4081	-1.55298
-11.79	0.471704
-16.2084	1.43625
-14.2161	-4.23322
-14.5334	-5.19178
-15.7384	3.23513
-16.1446	-0.764746
-12.6057	1.40537
-15.3446	-1.42147
-15.6271	1.2698
-13.108	1.19779
-13.2684	4.08346
-13.129	-3.28649
-13.2942	0.24871
-12.344	0.545103
-17.0371	-0.363774
-16.4346	-0.215624
-15.1348	-1.29522
-15.1638	-3.38791
-15.4407	-0.406192
-14.3006	-1.69149
-13.2176	-0.625823
-14.6377	0.0918309
-11.6416	4.56685
-13.0019	-1.48962
-10.2365	-0.76548
-10.448	-6.75119
-5.92112	-0.0228674
-10.6202	3.46488
-1.60931	9.76007
1.44425	9.42882
5.46754	7.82754
8.57708	5.66825
6.23194	5.38452
2.402	5.32166
2.44152	1.00759
1.17168	-4.25132
-2.72153	-8.02047
-7.17048	-8.86015
-12.5164	-9.85438
-17.3772	-8.16853
-19.4021	-9.63108
-20.179	-10.2446
-18.3426	-11.2619
-16.8583	-14.6593
-13.2439	-18.7295
-13.7543	-17.6873
-11.6473	-17.9428
-10.5291	-12.6872
-2.82118	-6.68009
0.536106	-6.65114
-1.0119	-2.47762
1.96615	-4.4845
-0.0452744	0.512808
0.808911	0.631792
-7.0923	2.1418
-8.84177	1.9876
-6.92618	1.19867
-6.2255	0.504274
-6.12032	-0.0264386
-5.16936	-0.0752641
-4.11188	0.890148
-4.72158	1.93001
-4.2895	1.41813
-4.17275	1.93844
-2.74917	5.75504
-0.52492	9.52756
-1.18697	6.71246
-2.3707	5.44757
-4.54065	6.77369
-5.14747	7.56457
-3.75086	3.75276
-3.00815	4.95574
-2.00618	2.46163
-1.17319	5.86767
-0.173722	10.0307
-5.34539	9.18237
-1.41492	5.55963
-1.68661	6.45272
-4.70627	8.21641
-5.72748	8.46882
-5.97718	5.18011
-8.03715	8.08435
-8.21488	5.68312
-11.8418	7.05194
-11.1924	2.98811
-13.0215	1.76419
-13.6261	3.35969
-11.429	0.177716
-11.8191	5.18247
-13.3884	2.21052
-13.8364	1.41287
-14.2929	-0.981346
-13.4341	6.57476
-15.8376	-0.557633
-13.2154	1.2896
-14.4415	2.13079
-17.1721	-0.558242
-17.4861	-2.90966
-13.4768	0.654296
-15.2771	0.476098
-13.1032	-1.52815
-16.5407	0.229092
-16.2381	-1.62253
-18.5344	-2.38583
-14.3053	0.860381
-13.8454	1.75381
-14.3341	-0.410508
-13.2721	1.06445
-16.461	1.42532
-16.9357	-1.45029
-13.7075	1.96163
-8.93589	5.32986
-4.43445	9.46911
-2.84458	8.3824
-3.17517	8.26581
-3.61503	8.36697
-11.7097	-5.8798
-18.0132	-8.67216
-18.404	-8.38999
-19.0892	-7.92572
-18.4376	-9.2911
-15.9483	-11.8868
-13.6633	-14.8442
-12.5704	-16.3242
-8.89891	-17.6848
-7.18199	-17.2748
-5.91405	-15.9393
-6.04057	-16.5173
-4.07721	-16.9966
-4.08531	-17.9359
-7.04809	-16.791
-10.2559	-17.3666
-12.1961	-13.3219
-13.6081	-10.5402
-14.6806	-5.25981
-10.078	-0.49754
-3.2447	1.87444
2.45256	-1.93581
2.47165	-1.62231
2.40673	0.582716
2.0837	2.75002
3.10808	3.8124
3.59864	2.6718
1.5038	-0.033497
-1.35765	0.772268
-4.58035	0.21122
-7.28179	-0.358606
-11.3527	-0.037668
-11.663	-0.992801
-12.8483	0.0566603
-13.2975	-1.39561
-13.0432	-5.18483
-12.8912	-8.23979
-11.8931	-11.2428
-9.74336	-13.6961
-7.07967	-12.311
-5.10772	-15.7323
-3.50163	-16.7667
-3.18115	-16.605
-3.4531	-15.0873
-3.92073	-12.8326
-7.75328	-8.53512
-12.1394	-2.99626
-9.71172	-0.947758
-8.62144	-0.126663
-8.36554	-2.84603
-7.85598	-4.77146
-7.76096	-10.1199
-5.02354	-16.7717
-5.48402	-18.4268
-7.17539	-21.2657
-8.3793	-20.3983
-10.9442	-18.2286
-12.1533	-18.8454
-11.9344	-17.4095
-10.6992	-15.553
-6.70965	-13.1271
-2.42584	-4.3932
-3.31777	-1.70043
-2.80339	-4.06889
-4.32254	0.312141
-4.60042	2.62213
-3.59608	1.47107
-1.75315	0.792624
-2.75198	4.34867
-1.09454	6.76165
-5.34149	5.23115
-4.69111	-1.94673
-3.45397	-4.66629
-4.51223	-7.92299
-6.28026	-12.2931
-6.01803	-14.3139
-6.32174	-12.0454
-6.27066	-9.51408
-4.44856	-10.9335
-5.54761	-8.291
-4.04055	-5.36824
-6.34355	-0.202424
-8.37744	-1.62054
-1.34305	-6.93756
2.17695	-6.17266
-3.1416	-6.26234
-5.86939	-4.07795
-4.77941	-5.77708
-4.0221	1.08456
-2.22316	-0.381755
-4.87699	-4.88437
-2.92546	-7.63483
-1.25205	-8.38105
-9.97099	-9.23352
-9.13984	-13.4249
-12.3666	-9.71882
-12.9613	-9.10842
-12.5638	-8.36004
-10.0549	-0.67438
-3.43855	7.78139
-2.97419	7.00299
-0.583455	11.7203
-1.42417	9.69856
-0.931913	11.0931
-0.252044	11.7012
-1.03364	8.98214
-2.13506	8.00023
-2.16922	7.52592
1.14186	12.5823
2.25749	12.81
1.98388	10.374
1.65359	8.84642
-0.247649	11.9958
-3.11576	10.9146
-1.77699	8.38139
-3.5091	9.78
-7.74482	10.1682
-9.90739	2.42281
-14.8151	3.64106
-15.7117	3.79712
-16.2743	3.37466
-15.3325	4.99536
-14.8257	6.2368
-12.9768	6.09607
-11.3565	7.32833
-8.35272	6.0639
-6.48541	5.40085
-8.19804	8.10281
-7.07603	7.91684
-5.96128	6.43201
-4.09932	4.16092
-5.34037	3.10695
-5.77142	3.57106
-4.54649	6.91406
-9.66413	5.67732
-10.9377	3.05827
-9.74867	0.904266
-13.1324	1.51085
-13.9123	-2.32983
-15.6106	-2.29482
-25.1442	-3.93137
-16.4414	-6.10441
-7.0103	-6.71933
-11.6436	-1.66181
-9.31897	-2.17833
-5.50274	0.331857
-4.77827	-4.20238
-2.33654	-7.392
-7.58003	-9.05031
-5.38951	-11.3735
-4.0558	-11.3602
-3.64122	-8.85554
-4.95933	-7.08189
-5.39003	-9.01603
-4.06902	-9.35012
-9.35098	-11.6866
-7.56553	-1.4603
-9.24778	-5.06841
-10.088	0.0565117
-14.7791	-1.66915
-12.0514	-2.3218
-14.228	-2.80285
-12.9662	-2.25482
-12.9122	-1.11894
-13.9767	-3.30058
-15.4297	-3.59671
-16.1971	0.591774
-14.9386	0.0922692
-14.0361	-3.7786
-14.5705	-0.971437
-13.1653	-1.69166
-15.9376	1.40408
-14.7525	-0.990854
-12.4038	7.75636
-12.8292	2.04457
-9.0822	-1.23421
-14.5326	-2.46663
-14.1965	1.24734
-12.3957	1.38273
-17.2034	-2.60716
-11.9266	0.640873
-11.5901	1.00301
-14.867	-1.51167
-12.7603	-2.99776
-12.9174	0.298311
-12.7512	-2.00889
-10.5121	1.41657
-1.05024	5.93722
7.38202	4.56099
7.40412	10.8701
6.83886	7.05241
3.58754	1.80963
-0.92434	-2.16023
-3.73376	-10.1929
-8.63049	-11.706
-11.6995	-11.6614
-15.5271	-10.0618
-12.8026	-11.5483
-12.4884	-8.51309
-7.92108	-7.98106
-1.98472	-6.03316
3.93437	-4.60356
6.36904	-2.71294
7.47631	0.571815
6.21346	1.22897
4.38389	2.27919
1.59118	2.45162
0.365549	-1.61016
-2.3616	1.91268
-5.35364	2.95269
-9.48006	-0.628298
-6.60785	-8.18304
-7.55986	-16.6247
-14.4633	-15.149
-16.3844	-13.01
-14.2077	-13.3109
-11.4354	-13.4878
-6.40114	-10.3199
-2.82947	-2.70043
-4.71681	-1.17655
-6.46007	-6.37053
-14.2561	-11.5436
-12.1409	-7.19639
-11.6733	-13.7675
-6.54457	-6.40588
-7.92723	-0.258611
-4.68615	-2.62335
-6.98882	-6.6473
-5.65987	-13.2732
-7.41233	-10.7327
-9.35372	-3.25366
-7.51596	-1.58094
3.99566	-4.38929
2.95078	-8.43835
-2.19635	-7.80663
-3.10623	-5.52971
-4.32067	-4.39733
-1.8663	2.87848
4.74006	1.01553
3.49691	2.4098
3.18622	5.79835
6.15505	4.2613
5.68881	5.0095
2.62803	4.72628
8.13769	-0.541323
3.87798	1.35578
0.533534	-6.40924
0.0473939	-2.0193
-5.68472	-9.75438
-3.27321	-7.79567
-8.65698	-2.32887
-9.37325	5.22218
-7.57995	-0.0338445
-9.8932	0.655096
-9.86854	-0.756854
-11.7929	2.4733
-11.3189	-1.13755
-14.5224	-1.29564
-14.694	-4.49054
-11.572	-4.39065
-2.43092	4.98426
4.80184	8.05759
7.03402	4.19709
9.45864	3.42873
8.61887	4.7947
9.23469	5.06118
9.22643	5.30805
7.94979	3.86076
7.93637	4.66113
6.07615	3.32515
5.27774	2.79913
2.35758	4.08873
2.28947	1.3469
1.9121	2.09946
0.915346	-0.534657
1.04061	-1.177
1.45866	-2.25624
-6.61779	-7.18105
-6.62292	-0.961093
-6.88377	-7.71471
-7.74083	-2.9162
-11.0271	-3.52454
-13.0957	-2.17236
-11.8575	-1.27781
-13.624	0.211935
-12.0712	-0.215124
-14.3595	-3.6341
-10.2624	1.16288
-6.06138	3.23441
0.156955	9.62649
4.10402	5.74861
3.94296	4.47291
9.20268	2.07984
8.38859	6.37641
9.27168	6.3824
7.65226	6.16257
4.56977	5.80856
0.269338	4.75167
-2.69683	3.05696
-3.7072	3.32971
-4.2172	4.94438
-4.30145	7.72364
-6.56667	4.33721
-0.815378	0.968146
-2.34807	3.76797
-4.95757	7.68228
-8.28777	1.4206
-11.9326	0.035541
-20.2563	-11.8355
-20.598	-15.268
-17.4826	-8.85435
-6.06821	-2.32137
-5.13192	-10.9097
-9.30936	-16.7037
-12.3496	-11.645
-13.1369	1.78741
-4.18009	-0.511858
-4.70658	0.632347
-5.16516	3.77625
-5.2799	4.08967
-4.86117	4.5689
-6.99838	2.53643
-12.3322	-2.78882
-15.5414	2.46131
-12.6346	-8.29302
-6.68995	-6.29525
-10.4113	-13.1934
-9.14256	-7.10909
-12.4384	-2.94316
-17.8322	-4.97237
-10.2016	0.173278
-11.3486	-0.235732
-9.19836	-4.77733
-8.57798	-7.49787
-8.50449	-9.04748
-9.2712	-8.82183
-10.5843	-9.43038
-9.60471	-8.73772
-5.62129	1.26073
-11.7484	5.67764
-13.9921	0.345879
-15.8845	-0.0547907
-16.474	-4.47815
-16.2861	-4.17209
-15.7104	-1.86052
-12.179	-4.94886
-7.48023	-11.0124
-5.46116	-15.7103
-5.14092	-17.4328
-7.28991	-16.7578
-8.42192	-18.428
-7.79213	-20.3356
-7.79424	-19.6109
-8.06908	-17.2365
-7.01648	-13.6649
-5.45616	-7.79536
-4.88131	-4.50833
-4.11175	-4.65388
-5.12648	0.033314
-5.37282	1.10429
-5.06164	4.03582
-7.0083	5.42861
-4.52752	5.14733
-4.71379	8.52913
-2.93687	8.6491
-5.20181	5.9044
-3.36252	7.04262
-11.768	0.984038
-6.8948	2.15664
-6.1659	1.7008
-5.10618	1.96057
-4.62634	2.1294
-5.02434	2.84756
-3.88885	2.55851
-3.33782	1.75548
-1.94769	1.31608
0.950557	1.78479
0.710443	2.83787
5.49937	8.36641
2.8323	8.76742
5.30926	8.75328
4.25696	10.5602
4.45226	8.41143
3.66276	8.89845
3.52721	6.52669
3.78206	4.0243
5.19253	4.7756
6.46886	3.04256
7.03655	2.89659
7.67195	4.58169
4.17107	8.73188
-4.11598	8.51324
-4.0226	10.2034
-3.09284	10.5196
-1.01369	12.5555
2.11957	12.8133
4.20315	11.8411
5.18158	9.19013
3.04585	8.87881
-1.86463	9.73571
-8.01836	10.6636
-9.61903	4.90029
-11.9502	4.61404
-11.4314	6.0939
-10.4172	4.42376
-10.6027	3.54537
-11.793	4.0555
-11.2142	7.22586
-8.43838	11.1729
-12.5711	0.59351
-15.4685	-0.0122662
-18.9378	0.686328
-19.3171	0.195601
-20.1376	-2.00784
-20.5654	-2.26856
-20.4029	-1.47887
-18.7185	-2.01994
-9.8592	5.36084
-5.97222	2.66982
-5.11322	5.50196
-7.24204	5.46223
-7.48266	4.06618
-8.60992	4.15079
-8.28929	6.53401
-9.2738	1.99224
-8.53576	3.94691
-13.5673	0.637655
-7.60268	-0.762693
-8.82045	0.564976
-12.0028	3.42966
-12.21	7.3097
-9.91862	9.88879
-6.30402	10.9123
-11.9489	5.90762
-13.7261	4.64793
-13.2621	1.4023
-14.6036	0.928112
-23.2352	-13.072
-21.8158	-7.04953
-15.247	-2.03056
-17.8621	-9.15797
-19.0723	-11.9569
-18.9003	-12.7678
-22.0749	-8.88485
-24.3467	-7.30282
-23.1905	-6.99254
-21.5331	-6.71383
-22.3624	-3.97369
-20.5622	-3.46931
-17.4938	-1.72282
-9.46335	-1.39164
-17.7402	-2.00317
-11.8442	-3.80267
-12.0831	-12.4299
-11.3326	-8.41076
-10.7181	0.826195
-16.9288	-3.67607
-17.651	-1.24561
-18.1677	-3.26191
-17.1672	-5.05099
-17.4793	-2.32874
-15.11	-6.15496
-16.0102	-0.599264
-14.7624	-1.12032
-17.4256	0.632979
-16.6098	-0.727403
-14.1148	1.29135
-12.0541	-6.81169
-10.2523	-8.26483
-9.35091	-6.31831
-17.7783	-7.54541
-18.6144	-7.17774
-13.9263	-1.85833
-12.9336	3.68045
-12.1525	2.49807
-15.4264	-1.8108
-15.9968	2.33086
-13.9407	-0.689294
-13.524	2.49295
-15.4955	0.615938
-10.5818	4.54708
-13.4505	-0.105875
-12.4471	-0.502999
-10.527	-0.23308
-12.9767	2.53452
-12.343	0.0546135
-10.3093	-0.933661
-14.7478	-3.25064
-14.5892	4.91122
-16.7734	-2.3936
-13.6731	2.78902
-10.7443	8.67819
-6.56904	7.03648
-0.310212	5.35634
-5.52629	6.21347
-7.14673	3.23441
-13.4954	-4.087
-12.6321	-14.9681
-11.3996	-12.1826
-11.8788	-7.99458
-8.38511	-4.235
-5.44991	-2.9478
-2.38151	-4.2875
-2.1626	-4.10841
-2.26457	-4.26312
-5.02098	-2.93058
-8.56163	-1.98704
-10.1776	-5.09821
-11.0272	-10.9031
-12.0388	-14.6957
-11.7332	-16.8477
-7.35993	-13.1488
-5.36664	-6.2962
-5.6584	-3.33539
-2.336	-9.15625
-5.35839	-5.58613
-3.89214	0.947295
-3.97581	-0.101021
-4.86716	2.55022
-9.40012	0.995859
-9.56967	-3.17984
-10.771	-9.27745
-11.1654	-11.5077
-18.5902	-15.72
-19.2957	-19.5968
-21.5816	-14.872
-23.3223	-11.0544
-22.3551	-10.8114
-19.7957	-10.5919
-10.4477	-3.54324
-7.11318	2.80381
-5.77725	3.25562
-3.77741	1.67225
-4.83002	1.568
-5.09133	3.97835
-3.26863	2.60011
-2.94989	3.88162
-3.37355	5.87753
-7.05611	3.03014
-9.59192	-0.198718
-9.23662	-2.58676
-10.0096	-1.78998
-8.89068	-1.89141
-9.98034	-1.4749
-8.11555	2.44219
-3.59171	4.61361
-3.40805	6.10257
-4.97483	3.81464
-8.88742	1.73487
-10.5942	2.99324
-10.2544	3.39805
-9.82406	3.20294
-10.3229	3.98977
-10.0759	3.20422
-10.8298	3.4042
-10.9808	3.24443
-11.433	3.75368
-11.2683	4.80214
-4.48625	6.45345
-7.67026	6.85916
-13.5015	3.44691
-10.5608	1.07531
-11.6383	2.20704
-9.77313	3.13338
-12.4087	1.87537
-13.8098	2.36941
-14.2868	-1.93575
-13.1924	-1.8575
-13.9826	0.674229
-14.1611	4.63658
-14.0998	2.98104
-13.3041	1.38124
-13.8633	1.10989
-14.9179	0.273066
-14.0625	2.30955
-15.1528	0.614124
-14.9336	-3.28813
-14.4549	-6.88411
-10.9632	-1.46205
-15.2682	-2.82048
-13.3793	2.05718
-17.3115	-1.91582
-16.042	-0.642529
-14.4802	2.1315
-14.411	-0.818499
-14.3295	3.22362
-14.8319	-2.02768
-15.3458	-2.64132
-15.7491	3.74374
-13.4466	-1.99341
-16.492	-0.788293
-10.3747	-2.5685
-9.28268	-6.8336
-13.563	-7.59703
-16.1094	-6.09682
-16.3522	-5.63745
-16.3882	-7.36038
-14.474	-8.39962
-11.5661	-10.2889
-8.28716	-9.65954
-5.76392	-8.79022
-7.18108	1.18828
-6.73935	2.64593
-9.97523	0.430885
-13.2828	-0.843745
-15.152	-7.31661
-11.7787	-4.43249
-9.54023	-7.03989
-8.3916	-6.79721
-9.47255	-12.7862
-9.86723	-17.464
-11.946	-15.7025
-8.05585	-17.126
-7.78553	-7.49021
-5.2186	-4.79645
-5.09685	-0.620084
-9.31109	-3.22025
-11.4965	-7.62186
-25.2992	-12.2734
-21.7694	-11.3614
-15.502	-6.46979
-19.5657	-10.2594
-21.8539	-10.0016
-21.4881	-9.79211
-21.2023	-10.555
-19.5991	-11.8511
-15.7649	-13.1512
-15.7351	-5.73724
-5.82008	-1.8759
-10.3388	-4.9771
-7.34391	-17.264
-8.87192	-14.4686
-7.86472	-10.3092
-5.40185	-3.84714
-6.85116	-0.490877
-6.32381	-0.870829
-5.10911	-4.37234
-4.90505	-9.16849
-4.179	-8.328
-2.53344	-8.26368
-1.0629	-2.23067
-7.51307	6.3149
-5.89864	0.510433
-11.3198	-3.38288
-10.7331	-6.89995
-10.8977	-5.5637
-11.2862	-8.26788
-28.0729	-11.3438
-22.4756	-7.4179
-6.77143	-3.15868
-6.60548	-10.4983
-6.44061	-15.3087
-3.88549	-13.8039
-5.4108	-11.4416
-10.0958	-9.79834
-8.04992	-17.1042
-10.3847	-15.4331
-12.1568	-14.3822
-13.8359	-12.7192
-15.8784	-11.7925
-15.722	-12.0077
-15.3179	-11.9181
-14.423	-9.79151
-13.6269	-10.4083
-13.2493	-8.66091
-10.4556	-6.18324
-9.43637	-1.09836
-5.97022	3.7388
-6.24197	-5.35855
-9.2379	-12.1127
-8.85815	-9.86302
-3.68944	-12.0465
-3.13034	-11.8276
-5.23195	-11.9751
-7.61751	-8.30445
-5.92502	-12.1794
-4.59874	-11.4705
-6.31117	-8.71914
-5.00973	-4.63666
-8.8717	-8.31108
-6.2193	2.64959
0.28637	5.87789
2.23368	6.43881
0.887883	7.60586
-2.00765	7.46403
-5.56882	4.89163
-8.3859	4.32029
-10.2783	2.72752
-11.2499	0.191615
-10.7488	-4.24072
-8.60204	-1.72303
-7.73753	2.14055
-10.3457	3.56657
-9.27862	-0.659737
-9.43942	-1.41077
-10.0171	-0.819865
-7.48407	-0.755666
-10.9575	3.31665
-7.20208	3.06209
-6.71078	3.11602
-4.71074	2.99076
-2.89054	4.70632
-1.21537	8.71716
2.11231	7.29182
3.28239	6.05646
6.50647	6.03792
7.93019	5.37661
6.69647	5.40655
4.56619	3.3451
5.67883	5.99282
6.06948	8.4874
7.62227	9.64689
9.75198	9.69665
5.44308	7.5519
2.74431	8.89963
0.346404	8.39486
-1.92446	8.52501
-3.60309	5.54915
-4.87035	2.64425
-5.13242	-1.52035
-5.14881	-6.08368
-3.7	-15.1919
-4.43431	-18.0715
-4.60578	-16.6087
-2.68808	-9.5467
-0.453473	1.01396
1.10087	5.73933
-4.14236	3.49015
-6.47925	0.901752
-6.36481	3.00409
-11.0995	-1.72503
-9.36104	-3.22183
-11.7611	-4.08573
-10.1793	2.10437
-6.46615	-3.66304
-5.11294	-4.48703
-6.31756	6.8079
-7.0169	12.8266
0.0800141	9.54151
-0.44266	13.0932
-2.96963	8.08745
-4.4363	7.34842
-8.85501	1.01149
-12.2924	-4.49592
-7.74054	-6.99682
-6.33361	-8.98021
-4.0049	-2.32136
-1.4573	5.5926
-8.13786	4.04446
-9.29571	3.45924
-7.2586	-0.218136
-7.46696	-3.7252
-8.88732	-6.0377
-11.8651	-4.85349
-13.9297	-3.16467
-16.0828	0.911783
-15.4878	4.47428
-15.0921	7.75295
-11.8696	13.8124
-7.93913	17.0667
-7.64071	17.0173
-6.89438	16.6814
-3.4912	8.54033
-7.24429	7.73551
-8.28574	4.67257
-9.42824	4.71582
-9.39189	4.93148
-9.43621	4.15872
-10.1862	4.4603
-9.77703	3.6317
-8.0533	3.67284
-9.837	3.29307
-10.6835	1.37023
-9.31104	-3.39959
-5.97314	-6.34822
-5.04593	0.714807
0.427531	-2.92692
-0.609241	-3.95472
-6.77818	-7.24342
-7.80227	-11.8555
-8.70123	-11.607
-6.10195	-5.63031
-2.0525	-9.33285
-4.82624	-11.8192
-4.55162	-12.509
-1.78072	-6.43015
-2.18985	-7.48471
-1.82258	-9.48816
-2.33156	-15.0209
-5.15662	-10.3681
-0.855986	-10.4201
-1.47105	-2.71677
-2.53733	-9.57168
-3.16718	-8.99453
-0.499476	-8.61896
-1.20832	-6.56995
-6.59448	-6.14251
-10.2523	-2.34796
-11.8456	-3.60825
-11.9457	-4.21228
-10.4256	-3.49715
-11.657	-0.614184
-7.41507	0.891337
-11.3504	-2.26158
-11.7747	-0.500252
-15.1264	-4.04872
-16.0762	-3.90346
-11.5336	-1.26519
-12.2256	0.217026
-11.4336	0.487941
-15.4296	-0.70033
-8.97654	0.181504
-11.3643	0.208855
-12.9293	6.72275
-14.1702	0.662672
-13.9455	1.56818
-11.4762	-0.339614
-13.4907	-2.2533
-13.0932	4.58364
-7.54206	5.8495
-3.37789	6.13674
0.147818	4.54039
0.132109	9.53163
-0.375042	7.54279
-2.83086	11.8636
-1.65988	13.4642
-1.7129	16.0847
4.91813	15.0794
8.78357	12.8162
10.4502	9.06396
3.97716	6.31223
0.629609	8.42622
-3.01776	7.22982
-7.15722	3.82329
-9.40915	3.55104
-9.9176	1.59107
-11.8834	4.17652
-9.75094	1.58908
-11.5608	0.52943
-11.6845	-2.05861
-11.9014	-3.18155
1.871	9.28169
7.51672	7.90059
9.22331	-0.311111
6.18476	0.618724
0.82868	3.0411
-1.0252	5.72225
-0.0793706	-0.143491
-0.645587	-0.349569
-1.47241	0.395257
-5.15114	1.50319
-4.10516	-2.21083
-3.28132	-6.05298
-4.44145	-7.66424
-2.50635	-8.7187
-0.44066	-10.8101
-0.846049	-3.15927
-4.89925	1.3761
0.621922	-2.98063
5.10109	-7.38876
2.01538	-4.24726
-1.68466	6.31165
-2.86869	0.974028
-5.52503	-0.956108
-8.46622	-2.21589
-4.58089	5.07343
-6.47677	-7.87364
-4.56271	-11.8238
-6.66781	-5.40083
-1.54258	-1.45563
0.233307	-0.573078
2.52857	2.03209
0.937544	4.31909
-2.22512	4.76511
-3.0643	8.88327
-3.18698	5.92016
-1.35424	-3.55789
3.46754	-0.18247
-1.62784	1.43298
-2.20432	1.78273
-2.46913	4.92196
-0.601465	6.26749
-2.11526	7.40275
-8.34972	5.31203
-10.9147	5.22917
-13.1224	3.13663
-14.7635	2.49661
-16.5835	0.953782
-16.9296	1.80572
-17.8536	1.6163
-18.7149	0.0474043
-19.8154	0.0560983
-19.6593	-0.0339282
-18.4224	-0.250424
-17.6399	0.106691
-15.7839	1.92783
-15.2231	1.37493
-15.2481	0.76191
-14.4608	0.725078
-14.2222	0.27486
-12.6251	-0.905369
-5.48885	1.58238
-10.9993	-2.63603
-11.5671	-9.88884
-11.6701	1.77622
-14.5061	2.81458
-13.5807	5.90387
-9.5105	4.46141
-10.3348	1.51952
-10.7701	1.35519
-11.7338	5.016
-9.92947	5.01113
-14.4589	5.21327
-13.7484	4.73837
-13.0516	-1.37789
-13.737	0.825841
-9.75904	-7.0043
-8.92894	-13.1789
-5.99258	-8.12606
-1.31731	-6.13567
-3.09095	-9.14126
-4.13952	-10.6727
-4.48419	-6.98424
-4.28938	-6.74848
-5.40396	-5.01466
-6.74489	-8.66852
-3.43921	-8.68696
-2.77877	-6.73221
-8.58052	-7.61244
-11.0279	-4.14818
-13.088	-2.13354
-11.6154	-1.11021
-14.3277	-2.56321
-14.2311	-1.62126
-12.2675	0.267294
-11.4755	-1.58053
-14.8025	2.00566
-13.7668	0.358037
-10.6566	-1.18752
-19.8948	-3.39575
-13.8142	0.584724
-15.257	0.615797
-10.7498	0.853271
-13.6467	-1.47214
-10.1287	0.80473
-14.0457	-0.551573
-12.1888	4.2316
-12.7441	-0.24673
-6.61863	6.9338
-0.387694	8.6721
-1.38901	2.20858
-4.33788	5.69575
-1.20852	8.02442
2.02001	-3.15924
-4.08963	-5.24331
-5.62567	-16.0084
-10.9373	-11.6758
-12.5389	-11.0395
-12.8294	-11.1297
-12.4055	-9.9918
-12.5207	-9.04507
-10.4474	-8.76889
-8.31501	-6.52524
-8.5148	-5.40854
-0.407865	-8.99553
3.81855	-6.51203
1.42525	-5.28862
2.39982	-4.89324
-4.9237	-0.590623
-4.50462	6.33856
-1.61374	3.60668
-1.28017	-1.04442
-2.04846	-1.43551
-9.61002	-7.65141
-11.7178	-5.74439
-13.6021	-4.39721
-15.5261	-3.64403
-14.2736	-4.21464
-12.7992	-3.09572
-13.2224	-1.17823
-12.8059	1.6712
-5.20524	6.03433
-4.48383	5.9159
-3.00061	3.53211
-2.35487	3.26259
-2.36377	2.09765
2.09404	-4.21695
0.361227	-4.9233
0.859045	-5.25461
-0.395293	-3.86533
-3.092	0.674004
-8.38229	5.20302
-12.6145	7.03362
-11.3989	5.23461
-9.00297	3.86135
-9.90528	-1.75691
-8.5728	-3.36839
-9.55521	-3.32058
-8.65981	-5.24417
-9.73738	-3.46302
-7.05436	0.634813
-3.22017	-2.37775
4.0108	-7.9325
2.2099	-9.43419
-0.946566	-10.599
-1.78984	-6.25104
-6.9213	-7.28982
-7.55906	-4.85553
-9.20441	-7.81973
-10.9711	1.38268
-13.7887	-5.8036
-14.6796	-8.87548
-15.2878	-16.1918
-17.6756	-11.5142
-17.7694	-8.97264
-17.5387	-9.05334
-19.5508	1.83469
-6.55346	0.832279
-6.12153	-0.744999
-7.39295	1.52883
-4.96038	0.857342
-4.84967	3.7555
-2.87062	3.46615
-3.81976	4.71754
-3.17944	-1.84719
-3.51356	-5.76019
-3.52904	-4.84713
-0.24604	0.626576
-1.5506	0.802022
-0.518798	-3.55496
0.694543	-4.59514
-3.83379	-8.72415
-6.99564	-10.4451
-8.17765	-10.9826
-8.89136	-5.05906
-2.91467	-3.34864
-4.473	-1.93647
-3.85809	-2.82775
-15.3053	-6.08851
-15.8476	-11.3015
-16.6514	-9.7581
-14.4622	-8.82748
-11.8765	-6.19969
-8.18891	-6.16298
-3.45484	-6.17487
1.159	-5.87091
1.21004	-3.8863
1.44346	-1.65308
1.05779	-0.720812
3.09692	0.293463
6.96168	-0.214426
7.52678	-3.59731
5.83166	-2.84263
5.76119	-1.98643
2.22442	4.29719
-4.92537	7.88206
-1.61028	5.69607
-2.65109	3.85364
-0.567038	3.48904
-1.73569	3.77302
-1.02006	1.4842
-0.638371	2.84083
-7.42564	8.06054
1.06588	6.61125
6.16848	0.77488
8.94644	-0.628411
8.83263	-1.39089
9.87551	0.293769
9.37706	-0.822914
7.33676	1.49242
6.12882	-0.444512
3.21369	7.03367
0.313973	2.79719
-2.71885	0.364828
-4.08222	1.25773
-8.24813	-3.74441
-8.57135	2.83377
-9.50329	-0.881083
-8.18172	-1.12237
-8.01724	-0.513086
-10.6181	-2.84106
-6.1603	-5.52535
-10.8732	-7.55181
-10.9578	-11.9226
-3.39576	-7.1498
-1.00732	-7.7943
-0.992817	-7.1864
-4.65616	-8.73921
-4.7133	-7.74825
-2.71237	-5.6355
-4.60841	-12.2484
-6.79319	-7.93963
-5.43212	-7.59776
-2.36937	-5.577
-10.0182	-3.1757
-14.756	-3.3798
-10.393	-2.15797
-13.4487	-5.42685
-13.2949	-3.46922
-10.4384	2.87849
-9.99285	-5.05018
-13.2059	-1.93793
-12.9038	-1.67113
-13.4986	-6.43868
-15.3437	-7.51676
-16.2875	-2.29146
-14.9219	-0.637542
-13.9552	-0.903315
-10.9592	-2.49571
-3.17833	5.53186
-3.1048	8.97286
-4.15334	8.77285
-4.48001	7.92062
-2.88701	9.94528
-1.00326	7.02909
-1.85773	-0.767474
-3.75683	1.20984
-2.64907	0.518638
-3.22712	-0.385757
-1.42632	0.958367
-2.62582	-2.17573
-7.03444	-7.38087
-9.87482	-10.5756
-11.5748	-12.2432
-12.3269	-13.2666
-14.0326	-14.557
-13.6159	-13.9341
-14.3224	-10.8565
-16.9663	-5.68512
-16.087	5.89227
-7.89749	2.25229
-9.61254	-12.025
-8.17446	-6.15711
-11.3249	-4.25619
-12.7212	-4.86505
-9.53011	-4.43802
-9.20602	-4.38385
-9.79716	-11.3587
-8.87193	-14.7116
-9.28504	-12.1541
-12.0999	-7.85603
-3.13559	-9.65767
0.108381	-4.52298
-3.21381	-12.5998
-4.59466	-14.0537
-7.05712	-8.7102
-10.7324	-6.86001
-11.2143	-5.13276
-12.211	-4.7272
-13.9424	-7.25522
-7.40749	-3.37531
-8.21496	-2.29671
0.147539	6.96593
6.23206	9.25655
9.15285	10.379
7.3672	9.69392
-0.321071	4.72196
-5.14911	5.76968
-9.88913	-1.56063
-8.70185	0.401998
-8.05826	-0.410235
-11.1669	2.33025
-9.17016	-1.58498
-10.3589	-2.44036
-4.65207	-4.64741
-2.6175	-4.38046
-0.684805	-1.80071
-7.24255	-4.26465
-5.23895	-3.93187
-6.06921	-2.78854
-5.60709	3.10172
-0.989806	7.3458
0.809817	7.13328
-1.39289	6.9917
-5.30267	7.43425
-9.09369	5.78534
-12.4946	4.97845
-15.669	4.84283
-17.7622	3.83195
-18.2892	3.16806
-19.3598	1.62135
-21.1167	0.141749
-18.4586	-1.48034
-15.168	0.376701
-8.85227	5.3654
-10.1166	2.26913
-13.9701	2.75692
-16.9771	1.28923
-17.0639	-1.92543
-17.2193	-3.71781
-14.707	1.27978
-14.227	2.35824
-12.838	1.08362
-15.8812	1.16542
-7.18832	-3.04336
-5.87509	-8.87378
-4.90492	-13.6622
-5.09388	-9.7874
-3.74005	-6.40308
-2.78042	-10.3744
-8.84146	-8.02749
-6.86294	-6.10864
-12.7338	-3.02985
-15.4101	-4.78725
-15.2003	-2.00359
-17.3172	-1.38679
-16.5964	-1.74092
-14.8964	1.71921
-13.3629	-2.32791
-12.5885	-0.205422
-16.4036	-3.72816
-15.4605	4.47143
-13.3282	-0.383771
-13.7336	-2.85669
-16.8102	0.511401
-13.0528	-2.20778
-14.7989	0.311835
-13.2237	-1.54055
-14.167	4.75394
-14.1415	0.193052
-13.4773	-1.36865
-12.5826	0.69424
-15.3751	0.74558
-16.8691	-3.37619
-14.3626	2.35893
-14.4965	-1.54516
-12.0682	2.39764
-15.4211	-2.87498
-12.2595	2.53965
-16.251	-2.53211
-7.96624	5.41667
-6.53296	-3.98365
-7.49561	-5.66152
-4.48393	-1.00871
-0.764539	-0.459195
2.01891	3.17225
1.22811	3.12073
1.63664	4.6842
0.742622	4.64591
-2.32601	5.70482
-2.73667	9.47924
-6.19629	3.62485
-17.0237	-9.5435
-22.6586	-20.6997
-21.4262	-18.6952
-9.91519	-12.4301
-2.91783	-14.3191
-3.41215	-21.7562
-10.268	-20.7123
-12.1394	-19.6356
-11.6036	-18.9613
-11.9116	-15.999
-7.62587	-6.03183
-7.06738	-3.86066
-6.61259	-4.92742
-4.85515	-5.37201
-5.61186	1.35352
-7.7188	-4.72907
-13.7192	-4.80246
-12.9934	-0.505419
-12.1036	1.38387
-12.9972	3.48134
-13.2522	2.98087
-13.5391	1.75369
-13.5987	0.350731
-14.3346	-0.487496
-12.6044	-1.61382
-9.13378	-0.544669
-6.88074	1.62795
-11.7429	-4.48322
-8.91032	-1.9703
-13.1775	0.445536
-8.82811	2.38615
-1.91855	2.31464
3.02829	2.47616
4.03222	1.86441
0.132257	-2.0321
-8.33528	3.84114
-9.82019	5.9235
-12.1319	0.64071
-13.6683	-1.5835
-10.9046	-6.17806
-11.9006	-6.02754
-7.55668	-5.49371
-4.0954	-1.81622
-5.08716	-3.09384
4.81676	8.27354
2.42437	11.1877
3.9676	4.36635
3.71626	-3.38871
2.76368	-8.23176
0.243029	-4.54133
-0.137088	-4.82653
-0.885687	-7.14722
-0.0880625	-9.56862
-1.53462	-9.86606
-3.51916	-9.63642
-5.62251	-7.44593
-9.52727	-3.0611
-13.6241	-1.35252
-8.27342	-0.640518
-3.84481	7.37319
-7.6495	3.49205
-7.03326	-3.88749
-9.7356	-3.91
-8.96188	-7.21543
-10.6206	-10.5186
-6.80043	-4.55615
-6.87956	-5.10554
-11.8753	-1.55954
-9.69366	-0.171813
-13.0383	-2.29737
-13.0331	0.200797
-11.6582	2.3579
-12.2955	-1.65174
-11.9226	2.27191
-11.6004	2.30985
-11.7689	1.52805
-9.02226	-5.49978
-4.39313	-15.1237
-11.9135	-12.1701
-8.48162	-3.67552
-9.39919	-5.04525
-14.8804	-6.52833
-14.4601	-1.0662
-11.7024	1.54083
-11.3219	0.637938
-12.456	1.70799
-13.6278	0.422659
-12.8701	1.12996
-12.6947	1.54
-10.241	-0.218533
-9.22389	-0.335097
-10.1883	-1.80389
-11.7771	-2.49568
-4.36324	8.59466
5.12391	8.36483
7.28398	9.76588
4.76207	12.4111
-0.704911	9.63168
-0.0982068	8.54855
-2.10726	5.87766
-1.90946	4.27921
-4.43489	5.74191
-7.26612	6.02527
1.97297	3.381
1.19794	0.571753
0.309176	1.84097
0.139012	1.83256
-5.11726	-9.83506
-7.33418	-12.414
-10.0051	-11.8103
-11.6615	-10.5604
-14.9045	-9.36375
-10.6423	-6.17893
-3.86084	-1.50002
-0.874591	-5.58331
-3.56833	-13.3449
-5.55305	-7.9749
-9.31185	-7.50557
-8.94709	-7.67066
-9.75993	-4.34547
-13.9647	-11.2368
-18.908	-13.4319
-13.2056	-6.14996
-14.9026	-13.0881
-14.7231	-8.69158
-15.1457	-3.52525
-13.7902	2.05731
-9.33005	4.02156
-10.3009	7.4476
-6.91573	7.50932
-4.77857	7.49286
-1.9049	8.60496
1.40302	9.72115
-1.30225	13.26
-5.87569	14.362
-3.6713	9.50781
-3.40846	8.31714
-6.49654	-2.14092
-7.47226	4.18605
-7.16997	1.15975
-8.47319	1.71491
-8.66071	1.47506
-9.00326	2.10291
-5.71557	11.869
-3.59131	10.0866
-8.55168	6.23723
-4.27908	11.4049
-0.408861	13.0745
2.67414	11.7804
4.06005	9.85385
5.43791	10.7525
1.20714	14.807
-0.0223006	9.87719
0.797012	10.7409
-3.69629	11.5017
-8.62033	5.74772
-10.0191	3.55206
-14.249	-6.10568
-9.89381	-2.80254
-15.3173	-1.78334
-14.42	-1.12657
-15.5126	-1.13204
-16.0267	-0.712888
-15.493	1.13133
-6.02219	5.23959
-5.17579	6.73961
-5.9996	12.0891
-7.78802	5.51203
-2.01257	6.57994
-6.52976	4.35176
-10.9247	3.81561
-14.1673	-1.46318
-12.8696	-2.15607
-6.97067	3.55749
-8.54753	-1.14844
-12.7422	1.71271
-13.8302	2.46759
-13.2894	5.55541
-12.5223	5.87335
-12.6127	4.55023
-12.3893	2.79438
-12.9924	2.13571
-15.1583	2.06986
-16.5271	0.998374
-18.6094	0.420527
-19.2038	-0.685079
-21.0551	-1.50435
-22.7543	-1.23824
-22.8652	-1.66337
-24.1636	-1.5172
-23.9244	-1.79207
-22.3941	-2.69763
-18.1157	-5.20038
-17.2923	-4.51646
-16.0609	-6.0311
-15.9189	-5.68397
-15.3735	-7.27305
-12.6275	-12.6929
-12.8106	-11.7035
-15.3948	-2.94858
-13.706	-2.77591
-16.2167	-0.937027
-20.2612	-2.64836
-20.6638	-4.80432
-16.3156	-4.12863
-19.2996	-8.76636
-19.2027	-9.45115
-16.8802	-4.2832
-17.9158	-4.63797
-16.4242	-7.22931
-18.6275	-4.01388
-15.497	-1.03535
-13.3967	-3.90113
-13.4252	-4.67585
-19.0055	-3.54075
-16.3317	-5.26023
-11.4468	1.67608
-13.2812	2.60625
-15.5584	-4.27736
-12.8214	-4.98006
-13.1832	3.22102
-15.5087	-2.24219
-15.6293	-2.28539
-16.1261	-4.90852
-13.7269	2.1163
-7.83359	1.96316
-15.7183	0.114785
-12.0845	-7.95245
-4.4055	-26.0729
-11.7919	-21.7755
-12.6759	-20.1679
-13.6758	-15.9408
-16.5001	-10.1886
-9.68574	2.23344
-2.06699	0.566835
-1.5923	-2.74833
-7.23481	7.4358
-8.91057	3.2474
-6.91877	-2.3074
-4.32642	-1.83772
-5.26284	-0.447779
-5.3365	3.6689
-3.39678	8.60812
-1.78407	3.71023
0.165302	6.71295
0.789184	5.3326
2.76941	5.95589
6.7871	1.44436
0.243418	-1.09789
0.741142	0.440739
0.0122765	-2.00539
-0.300972	-3.14363
-0.553127	-3.29782
0.786576	-2.30002
2.08631	-0.945118
3.06812	3.37183
4.72746	-3.70754
5.56276	-0.53238
4.01848	0.00499635
7.06986	-2.07646
6.87876	-0.309602
8.50116	2.48517
8.35128	0.426531
5.12704	0.345362
4.12048	5.28328
7.66839	1.37458
8.42607	-5.9604
7.08744	-6.33915
3.59547	-4.95074
1.7381	-6.41012
-2.30657	-8.13347
-4.92493	-7.88928
-8.2767	-3.17598
-5.93068	0.915305
0.296441	2.27763
-0.892206	2.86622
-0.617594	1.27952
0.956958	0.761254
-0.362968	5.08866
-1.77143	8.50212
-8.95711	-1.71177
-10.5311	-2.21523
-8.8335	-0.302546
-7.89008	-1.59079
-4.92815	-6.94693
-6.06776	4.81194
-1.61005	6.2749
-2.6964	6.20467
-4.80562	3.65598
-8.05725	0.491311
-13.0469	-1.74697
-7.03204	0.65019
-5.61273	0.351092
-6.3762	1.90777
-6.84789	4.07367
-7.07034	5.8863
-1.20437	10.9935
-0.31145	10.3281
-0.44005	8.74514
1.92101	7.98201
3.65871	5.85706
6.48992	3.46745
7.21149	2.3588
4.01359	4.09349
2.16735	8.00608
-4.0888	11.3789
-4.00865	8.00639
-3.95632	8.17879
-4.07044	8.40346
-4.00525	8.47754
-5.17291	7.20709
-7.70763	8.6796
-12.585	6.86507
-10.3348	4.92681
-9.9199	3.75558
-9.96616	3.84755
-9.43431	3.75223
-9.33827	4.02142
-7.98696	3.28768
-6.9177	4.11242
-4.51216	10.2282
-3.10375	8.50024
-4.80772	8.44833
-3.89641	9.4866
-6.03881	9.83735
-4.37407	6.85178
-5.53559	5.3637
-5.81227	4.98347
-6.87225	4.50333
-6.33088	5.73148
-5.87314	6.06157
-6.22508	5.19439
-5.70636	5.82598
-6.65359	3.88478
-7.05508	1.60424
-8.28507	2.71789
-9.89068	3.96956
-11.5333	2.00219
-11.7302	3.2005
-11.7478	1.69046
-10.1506	1.79511
-11.167	-2.00156
-12.7989	-2.43345
-10.2488	-1.29583
-5.2904	11.1471
-5.16072	4.44769
-0.392943	8.19484
0.0215873	6.99344
1.61676	2.83105
1.30324	6.58058
-0.973109	8.83441
-9.86225	-0.922787
-12.7798	-6.83342
-12.3203	-7.37076
-11.1153	-8.70425
-7.42853	-12.9741
-11.5637	-9.89172
-6.9587	0.790286
-11.0243	1.00517
-11.9807	-4.48355
-17.2802	-14.5159
-19.4266	-17.7791
-17.8301	-20.6249
-17.6228	-14.3364
-9.45037	-7.1206
-4.16846	-8.82912
-7.47138	-5.75282
-1.88324	-3.69054
-1.6901	-5.51389
-3.97416	-0.315841
-3.23368	0.734232
-5.21447	5.16549
-5.76188	4.74986
-12.7326	-1.56229
-11.4521	-1.12002
-10.7071	-2.52984
-8.77991	-3.78549
-8.68217	-0.620511
-5.55517	4.13772
-3.20049	5.57961
-1.16288	3.58756
-1.41676	3.12131
-0.421023	8.33791
-1.25116	1.08332
-7.38717	-8.59149
-1.24037	-7.83459
-8.67961	-2.94693
-10.7373	-1.299
-10.2676	-2.44976
-8.44049	-0.834426
-8.50878	-1.88034
-7.24649	-6.9212
-9.4158	-14.8716
-9.95395	-16.3451
-11.365	-17.4699
-10.6532	-15.9475
-10.5327	-6.88564
-4.09548	2.20025
-9.63734	-2.24297
-3.73015	-2.3662
-3.98847	-3.49951
-1.34009	-4.28821
-6.45722	-4.90483
-6.04148	-4.7317
-13.0424	-3.45904
-12.5909	-2.59011
-8.44614	-4.52246
-10.4006	-8.45543
-8.94386	-11.1721
-2.14183	-7.37302
-0.885536	-7.77161
-6.37565	-6.27563
-9.23369	-0.065214
-4.95774	9.09668
-5.98125	12.3151
-6.96761	14.4465
-8.01741	14.9695
-9.61055	11.7438
-11.3391	7.58998
-12.5081	3.88738
-10.5294	-1.79265
-8.66517	-1.35715
-6.00704	-2.13306
-6.58083	-1.50895
-6.39308	-3.44337
-3.79073	-5.04765
-7.00511	-3.9097
-12.8724	-2.91421
-11.7783	-7.50837
-16.9195	-11.0675
-17.2609	-6.53025
-16.5647	-2.61377
-18.5904	-6.58056
-19.4382	-7.41485
-14.4291	-2.60611
-15.5968	-7.30714
-15.4165	-4.47589
-17.0199	-7.81306
-17.0993	-5.61248
-14.6407	-6.76406
-16.6561	-2.39314
-15.5016	-1.20852
-16.7198	-3.02835
-17.0366	-1.61242
-13.5725	0.724717
-15.167	-2.80879
-12.7106	1.1154
-13.7827	-0.8771
-13.6483	-0.616929
-18.8862	-4.59317
-15.667	2.17034
-15.2937	0.0690209
-15.1984	-3.89121
-11.5189	2.71923
-16.4223	-2.6413
-16.5321	-4.16852
-9.9449	-3.21712
-8.28192	-6.60028
-6.87561	-7.68249
-2.47884	-10.3362
-0.125917	-8.16363
1.65924	-6.38392
1.86864	-5.15984
0.14231	-4.30624
-0.248034	-3.49586
-0.378461	-3.79031
-1.31988	-0.270967
-2.0246	1.34502
-2.82572	0.797718
-3.88737	2.79654
-5.27731	3.12611
-7.36459	2.66857
-8.48945	0.593348
-15.9637	-11.5688
-9.29189	-16.54
-12.3714	-16.3406
-4.49913	-11.4416
1.28362	-18.6764
-7.02834	-20.3873
-12.5882	-19.3277
-16.6077	-16.5982
-20.3685	-14.7654
-19.4492	-14.4247
-18.8575	-13.8228
-18.2293	-13.89
-16.0456	-13.1783
-16.6455	-8.32879
-6.29113	-2.47649
-7.71321	-6.25765
-9.91531	-13.764
-8.98734	-12.4764
-6.21505	-12.1009
-6.24017	-12.1543
-6.03752	-10.1509
-7.67374	-9.81301
-8.41512	-11.6811
-8.89179	-14.9304
-9.81889	-16.1916
-9.27797	-17.5392
-5.80066	-12.583
-3.83841	-18.4708
-2.91848	-20.6822
-10.2091	-18.5677
-11.5928	-21.3264
-12.6749	-22.1537
-9.64811	-17.6566
-2.92253	-7.78486
-4.41603	-1.00844
-9.90178	-4.04646
-11.5193	-7.20434
-17.6854	-3.9854
-9.68786	-3.28852
-6.0796	-16.7919
-4.08468	-22.3844
-5.16173	-24.8516
-4.78469	-26.6314
-4.83887	-23.6624
-5.1172	-20.4742
-5.66836	-15.3272
-7.34697	-12.7983
-10.0962	-9.91956
-10.3259	-7.84641
-7.90425	-11.1677
-7.17143	-12.6768
-7.2343	-12.4691
-6.32004	-13.1279
-10.947	-12.773
-15.8392	-11.3159
-15.5056	-11.1675
-15.393	-10.075
-16.6649	-9.2783
-10.045	-4.66553
-3.13579	-8.43188
-2.53703	-14.3586
-5.2845	-17.4385
-5.20211	-15.1523
-4.93412	-7.54468
-5.60909	-9.25665
-9.78049	-3.77977
-12.6894	-0.262602
-5.7264	5.39464
-4.64195	6.87439
-5.13974	8.83861
-7.7409	10.13
-10.099	10.0087
-13.5725	10.7542
-13.6886	6.77197
-15.5661	5.19731
-16.0617	2.27555
-16.8339	-1.38348
-17.5316	-4.75832
-16.7399	-6.53081
-15.7667	-9.48216
-15.6849	-9.04116
-13.1469	-11.8742
-10.5748	-3.42953
-17.2028	-4.43886
-23.24	-10.2972
-21.1818	-7.41632
-21.8161	-6.63464
-18.7922	-5.07468
-18.1019	-7.06794
-16.9722	-3.62388
-17.6053	-5.66978
-13.6331	-3.85221
-13.2654	3.40667
-14.127	-4.4884
-14.2515	-2.80397
-14.3459	-2.86904
-12.3364	-2.03942
-13.9009	-0.153449
-12.828	-1.10499
-12.4817	3.61188
-9.14709	0.335237
-11.1514	-1.18834
-13.5989	0.21923
-11.1469	2.37742
-15.5141	1.2416
-17.0208	-0.545759
-11.1288	-2.58708
-16.7463	-2.33408
-13.0177	1.68124
-11.4462	-5.82288
-7.57104	6.20898
-9.87125	0.112449
-7.81567	-1.9297
-2.66539	5.02421
8.12291	5.1144
9.10043	6.64913
10.0787	8.70246
11.9343	6.91258
10.4652	6.81848
11.4801	4.63011
9.47598	2.59928
8.34477	1.13077
6.20713	-2.29762
0.766664	-4.60137
-2.23409	-7.31809
-5.38945	-6.17268
-8.60501	-7.60262
-10.3198	-10.0824
-11.3126	-12.1243
-10.8069	-10.6602
-12.9833	-6.01861
-13.279	-3.71602
-4.15185	-4.03034
-2.10658	-11.8982
-4.02045	-12.5666
-5.52377	-16.5138
-2.52819	-16.1204
-1.15482	-11.9206
-4.13017	-13.6973
-2.49374	-9.25413
-3.74	-11.2796
-13.3159	-5.11415
-4.67195	2.43651
-10.7498	0.869017
-5.03643	-2.05916
-3.08375	-3.17307
-3.38052	-2.92067
-4.34173	-3.45805
-4.24686	-1.58621
0.543999	3.05879
-0.514119	0.781817
1.04835	0.795381
0.955549	-1.50448
3.53847	-0.432237
2.67838	0.297504
1.96548	1.41065
0.609965	0.0551451
0.940653	0.941553
-1.39618	2.09998
-3.14243	4.42827
-1.24575	3.57748
-0.881923	5.6719
-5.70901	0.00834775
-5.37567	-8.43966
-3.00197	-11.3912
-0.766957	-13.9326
-3.56494	-13.5588
-3.13022	-11.7714
-2.7698	-7.99147
0.373528	-2.65869
7.2505	-0.685809
12.5828	-3.47255
13.8133	-0.87032
-0.259376	3.45972
-1.23151	5.64343
0.478407	6.55265
-5.90914	4.72213
-3.43609	-6.87103
-2.10154	-7.4898
-7.69342	-3.2778
-8.24642	-0.0781953
-12.1654	-5.41883
-12.8692	-4.13972
-13.7005	-6.25097
-14.4162	-4.04264
-14.8777	-1.57789
-12.6492	-0.349222
-13.9984	-4.15602
-15.1313	-4.1608
-10.2499	-9.53511
-11.3636	-11.0457
-11.5982	-10.9891
-11.2234	-13.1872
-12.1302	-14.1269
-16.6187	-9.91801
-15.6003	-0.719907
-21.0169	3.59404
-18.7118	-2.39466
-17.6162	-5.38942
-20.4894	-3.28058
-18.4793	-1.79254
-7.14685	2.48222
-4.84604	2.6085
-5.06771	1.30757
-4.10607	1.36516
-3.54591	2.23983
-2.36052	1.94785
-8.64686	0.148453
-8.06321	-1.01406
-6.2906	-1.46937
-5.92997	0.923457
-5.91343	3.9067
-4.66945	1.79121
6.56018	-3.74791
1.3569	-2.5657
3.22495	-1.63196
-4.28972	-2.6701
-4.66241	2.59516
-3.52849	-0.226546
-7.95554	-0.564989
-5.97405	-3.45548
5.82846	-3.7379
0.682162	-4.23513
-2.3614	-5.05366
-9.00899	1.71363
-18.674	-4.63199
-20.8722	-9.40334
-16.1136	-3.92535
-11.7959	-3.68848
-12.3878	-3.64259
-20.1309	-14.1249
-20.338	-13.6138
-16.7749	-10.6494
-5.99169	-5.57447
-2.87811	-10.3205
-1.86217	-10.522
-7.06332	-3.04098
-9.79587	0.161202
-8.60359	-2.48048
-4.28372	2.56377
-0.966282	4.00012
-2.23329	7.38251
-4.51972	4.97622
-7.74218	3.19476
-7.42776	5.55441
-8.59172	6.28113
-9.03483	3.21964
-9.01438	-0.448889
-2.19016	9.89892
3.23026	10.9088
8.07878	8.31549
8.36996	7.23716
8.72911	7.14639
6.88755	8.06562
6.40429	6.9645
4.58063	8.88408
1.94423	11.5605
-2.74308	14.1357
-5.125	12.8757
-5.93041	10.7498
-6.01607	9.43513
-8.41934	7.01619
-10.572	4.67779
-11.5718	4.06265
-12.4688	5.10326
-11.8787	4.43223
-8.73324	1.3019
-7.61234	-0.753784
-5.05448	4.9145
-10.1385	1.11747
-13.7586	-2.67849
-11.9384	-4.93353
-5.98788	-3.41383
-6.06929	-5.99877
-2.50511	-12.9085
-2.08609	-9.80768
-5.74459	-9.00679
-3.88312	-10.3002
-4.79506	-7.89474
1.47565	-14.007
1.38604	-9.09153
1.11081	-9.92208
2.95245	-11.7558
-5.35498	-13.7017
-1.48595	-10.087
-2.74403	-6.4203
-5.22522	-6.6581
-7.19169	-4.79233
-14.8416	-1.78891
-8.60466	-1.41186
-13.1153	-4.01307
-10.5629	-5.06565
-12.3575	-5.03806
-10.1343	-6.1955
-13.391	-2.45857
-11.8272	-0.452749
-10.2108	0.22445
-15.7316	-3.76849
-10.7417	-0.0275488
-12.2964	-2.80649
-12.7823	-0.527791
-14.4103	5.04049
-16.1541	-3.2445
-11.9774	10.1881
-15.248	1.90746
-15.4327	-0.223458
-13.5963	-0.309642
-13.2797	-0.977815
-15.608	2.73917
-15.5446	0.474012
-14.8261	0.000382321
-12.7332	0.171559
-17.3981	-0.0866387
-12.6132	-0.29527
-15.9811	-1.56277
-22.3663	-13.8104
-18.249	-12.119
-16.1301	-7.75307
-8.18608	-9.21
-6.83142	-14.9604
-9.20962	-19.046
-9.7198	-13.9904
-8.92812	-9.13024
-6.59063	-5.11663
-6.94613	-0.351296
-7.30517	-0.408966
-6.17632	3.29404
-8.67544	-1.30242
-8.02457	1.46124
-12.3151	0.380858
-13.9099	-4.56387
-14.1352	-1.13702
-11.2717	-0.247902
-15.6662	0.384191
-13.754	1.58733
-13.4323	0.881101
-10.2075	3.10258
-9.64766	7.65541
-8.06432	12.462
-5.38453	4.99562
-3.09812	-3.20677
-5.82842	-7.47386
-5.65226	-8.45683
-4.24936	-8.02353
-4.73089	-6.87244
-1.39222	-0.781073
-1.14327	-0.205668
-0.316636	-0.0615012
1.05097	-2.13998
-0.0615388	7.39404
-2.93174	3.51074
-8.20719	-1.4876
-2.99161	-4.57335
1.64641	-13.5058
-2.61699	-14.0925
-1.18877	-8.52414
-2.15078	-4.83905
-1.86858	-2.37246
-0.512928	-0.689436
-1.74652	0.500969
-0.858427	-1.34169
-0.280153	-3.59491
-6.33784	0.311023
-9.34736	-0.745557
-11.0398	-1.34601
-11.9251	-1.45899
-12.1807	0.615978
-11.511	3.33472
-8.13401	5.81367
-10.4257	-1.34478
-12.6096	-6.64328
-14.8909	-2.03301
-20.8721	-2.7487
-24.6838	-2.09849
-10.1236	-0.676491
-11.711	-10.2243
-13.327	-12.1755
-14.0803	-9.66077
-14.8156	-8.30617
-14.2313	-9.23377
-14.4277	-9.37642
-11.3497	-0.416367
-6.6196	-3.03995
-13.5598	0.0848796
-12.6758	-6.19769
-11.8494	-5.04135
-10.7364	-1.25891
-9.68028	-4.87854
-9.54101	-4.58668
-6.68413	-1.71975
-3.19476	4.05995
-6.49055	9.30567
-2.04147	10.3499
1.17705	7.74169
-1.04964	4.24092
-1.44025	5.54625
-0.702188	5.57961
-1.50046	6.45498
-2.49869	7.13776
-4.31128	7.09723
-3.67602	5.03406
-0.264918	-0.616453
-0.485028	-0.886827
-0.447913	-2.42406
0.553778	-1.50811
2.8205	-0.924639
5.40319	-0.135009
5.70349	4.95669
4.93301	5.60912
4.34856	2.88905
2.78691	2.59113
-0.801607	3.98711
-2.67161	0.345117
-4.11634	-1.9316
-5.65376	-2.20244
-6.66328	0.0113986
-4.20586	4.45222
-2.48852	6.16655
2.72184	-3.07456
2.78815	-8.87149
-0.683725	1.18402
-7.91284	-1.50238
-6.5717	-6.23647
-11.2107	0.0206823
-12.416	0.26185
-7.51438	4.46181
-5.55	8.47046
-5.2042	8.39875
-2.63625	5.27363
-4.88003	6.67852
-2.97081	10.2686
-5.49113	16.5937
-3.18995	18.1163
-4.06011	16.6865
-3.59577	14.0431
-3.50157	12.0826
-7.32488	9.0383
-11.4315	6.73011
-14.2835	5.07344
-13.7508	1.93611
-14.0385	1.5834
-12.561	1.00051
-11.3856	1.72857
-11.9446	3.02047
-12.4563	5.46582
-10.8224	7.90256
-7.82891	9.91104
-4.33524	11.23
-0.730804	11.6744
0.0505093	10.9513
-0.127867	11.2051
2.65146	8.40031
1.83297	7.01432
3.11555	7.4281
1.34557	1.97134
4.21002	-8.91301
-0.937352	-5.69159
-0.640184	-8.75392
-2.57945	-10.8783
-2.87103	-9.49364
-3.52411	-7.59736
-3.18113	-10.6327
-0.899744	-9.84459
-3.45613	-12.4794
-6.42075	-12.1846
-3.52546	-7.05608
-2.77078	-7.2357
-6.009	-4.19362
-3.75285	-4.46481
-5.00403	-4.38088
-11.8228	-0.814276
-13.065	-0.472791
-10.2322	-5.33808
-9.39432	-0.924814
-12.9011	-1.88939
-12.0947	-5.2552
-12.3783	-2.29197
-13.0231	0.396835
-12.8237	-2.81511
-12.3131	0.673169
-12.8147	-1.07254
-12.6052	1.26474
-12.5769	3.57287
-15.7966	0.352439
-13.1713	-1.77963
-12.8885	-2.84651
-11.8706	4.63848
-16.9314	1.46797
-16.0982	1.78506
-15.7092	-0.120806
-12.6911	0.528003
-11.8058	0.359063
-15.5737	2.72358
-10.2004	2.83747
-10.6888	0.245224
-15.2523	-3.64286
-16.8472	2.12114
-11.3714	1.24453
-13.1615	0.548522
-11.8217	-2.23579
-11.8409	-0.698051
-15.1365	-1.57126
-12.2543	3.82408
-15.477	-3.5438
-17.838	-5.01077
-12.5839	-3.04054
-2.49738	-6.0357
-6.65911	-9.79809
-2.26937	-7.11885
-2.88878	-5.40703
1.36477	-4.48267
2.13843	-5.48004
2.3694	-4.36548
2.66092	-6.37842
1.29284	-3.15647
0.778464	-3.45221
-1.27301	1.26085
-4.68472	2.24453
-5.95082	5.15173
-7.47833	-0.365423
-13.1483	0.181013
-10.1383	2.8748
-25.4431	-3.61965
-23.258	-5.26092
-19.9564	-0.629198
-15.994	4.51814
-13.6762	-1.86359
-16.9921	-2.78366
-18.4213	-1.25191
-20.1174	-0.501881
-19.436	-0.535802
-17.1731	-2.56239
-16.207	-4.88158
-14.7847	-6.74336
-14.8558	-5.31686
-10.7082	-6.30015
-1.77518	-6.81595
0.291351	-7.84915
1.90089	-11.3835
-3.76341	-8.29455
-6.79416	-1.01805
-1.03204	3.34339
-3.19	2.07454
-4.46335	-2.75042
-8.80776	-1.62136
-6.04366	-6.6696
-6.2743	-11.2762
-6.67583	-16.0017
-6.9284	-16.4801
-7.94528	-15.734
-6.20096	-14.0396
-3.44723	-8.4251
-0.432511	-12.3396
1.24805	-12.0302
-0.318939	-7.95463
-4.43633	-8.91825
-3.44994	-7.09794
-2.17577	-4.55743
-1.33077	-1.28555
-2.96802	5.32564
-1.84334	7.98058
1.63979	0.963156
-1.19164	-1.25533
-3.83648	-0.94788
-8.66148	-3.33492
-25.7625	-1.24494
-15.7879	2.98899
-2.5948	-3.54172
-2.45234	-1.34871
-3.14996	-5.75868
-0.135864	-3.09789
-2.05514	-6.00351
-2.39227	-5.48207
-7.13504	-4.89369
-5.7247	0.421361
-6.22962	1.55
-6.27462	-3.03851
-1.19513	4.10377
2.84347	5.67404
2.83815	6.06184
2.26716	6.45335
0.202555	4.97661
-1.06272	4.28835
-3.32646	2.70135
-4.65354	-0.104401
-7.09189	-3.42752
-9.99603	-7.02911
-11.6787	-10.0765
-12.1076	-12.0335
-12.929	-13.4988
-12.7921	-15.6065
-11.8541	-15.0451
-10.9368	-12.4801
-10.0732	-9.11567
-7.31364	-4.39021
-3.61628	2.9792
-3.504	1.1305
-2.24385	4.54326
-4.3272	0.703023
-10.1587	-2.16241
-6.39901	-9.10565
-6.63587	-13.5312
-8.5012	-13.9915
-7.23052	-10.7655
-8.26858	-8.85032
-8.89053	-6.29549
-5.40383	-1.83003
-2.21095	-2.77902
-3.08374	-2.81937
-2.20738	-4.11336
-1.667	-5.19809
-3.29982	-12.9994
-7.60314	-15.9813
-9.27154	-16.5548
-10.4978	-14.4545
-10.5712	-13.4413
-9.31043	-8.34821
-5.09056	-0.765585
-5.07797	1.06799
-4.52704	3.17975
-5.87023	5.80586
-5.19558	5.85276
-8.20132	3.33321
-12.2204	0.986085
-9.45605	1.94811
-8.38047	0.778735
-7.9081	0.231965
-3.5737	6.35008
-2.98403	6.3694
-3.18378	5.80358
-7.41081	0.967614
-9.91293	-6.92624
-13.7984	-7.88583
-14.2983	-8.99181
-10.7301	-8.57357
-9.14317	-1.63493
-10.2114	-1.80259
-10.7066	-3.32184
-11.758	-6.38839
-16.0937	-2.96144
-18.3825	-6.85687
-17.8377	-10.6646
-13.7495	-6.53558
-11.3238	-14.1512
-11.5422	-12.5224
-14.8922	-9.11782
-15.4436	-4.25044
-6.76177	-1.14835
-11.4435	-0.0358976
-10.0023	-7.03653
-5.98222	-11.3341
-4.65174	-2.00064
-8.86671	6.80064
-11.4108	1.30974
-13.3511	-0.639991
-13.654	-2.06589
-7.97335	-3.83647
-6.64963	-8.66808
-7.40242	-7.65397
-7.85856	-5.65456
-14.5672	-3.10504
-5.34141	4.02835
-4.99893	3.29945
-5.68351	4.82116
-14.1164	2.49187
-18.4628	-1.64152
-19.6862	0.369111
-20.4554	-0.666196
-20.0476	-1.1774
-21.7479	-0.898021
-22.6808	-0.825276
-21.5665	-1.44217
-18.7012	-3.14888
-16.4833	-2.80644
-12.4368	-2.37596
-7.79435	2.26196
-12.3691	0.982038
-14.235	-6.42342
-13.7543	-0.554187
-17.7872	-3.28029
-13.532	-0.338653
-13.9419	4.54485
-13.9924	0.435041
-15.1344	-2.88391
-13.9964	0.0713178
-17.9014	-1.38032
-13.2835	2.167
-16.7439	-5.04276
-17.0392	-5.22724
-12.0648	-4.97524
-13.0309	-4.00122
-16.214	-0.937491
-16.0835	-6.02573
-17.5475	-10.0279
-14.5201	-6.64289
-14.1781	-10.2758
-17.1754	-7.16002
-17.4923	-4.37196
-16.9116	-3.65287
-14.9324	-0.078754
-18.5391	-5.51862
-17.5641	-0.719723
-17.9949	-0.0809283
-15.0029	1.6492
-15.2568	-2.54636
-13.7259	-5.05347
-16.0478	1.60955
-13.5233	-1.49693
-14.8907	2.23975
-17.5288	-2.78471
-11.1337	2.30599
-14.1887	-0.00720144
-13.7388	-1.90369
-16.0943	2.70355
-14.587	0.884191
-15.7272	-0.0260605
-14.1154	0.954013
-14.9777	-0.806264
-13.9334	-0.157646
-15.0273	0.355189
-14.2838	0.390681
-12.3678	0.537437
-17.0538	-2.8114
-11.7202	4.04577
-15.2879	2.39317
-15.6165	1.3441
-14.7623	-0.0955175
-5.01531	-5.06334
-5.29428	-5.48974
-0.214114	-6.77651
-1.01846	-6.72612
7.39919	8.17202
10.5772	7.40432
9.84911	4.06695
1.45823	5.92174
-0.0994638	6.9375
0.347462	2.62849
0.114197	-1.13114
-1.8963	-1.77978
-3.0032	-2.82235
-4.42028	-3.17637
-4.3211	-3.26256
-3.83732	-1.1098
-0.647166	-1.21741
-1.35558	-0.111738
-0.998935	-1.08325
-1.84441	-0.143975
-5.19625	1.2627
-7.71074	-0.507956
-1.15351	-11.4932
-4.9955	-10.8497
-7.71512	-13.6011
-10.8104	-15.3912
-10.254	-16.6547
-9.9011	-17.5031
-7.72743	-15.5869
-4.04746	-9.24856
-2.2137	-4.6017
-1.64245	-6.17637
-1.74247	-6.17017
-1.83007	-5.1597
-2.39506	-5.40498
-8.70685	-5.59441
-6.87906	-6.86412
-6.80715	-7.29346
-4.91197	-5.53279
-0.0493558	-4.88829
-2.90115	-1.11645
-3.73902	0.925781
1.23025	-3.00962
4.7345	-4.68948
3.39595	-5.73475
-4.26523	-5.96555
-4.00907	4.50511
-3.78568	7.82171
-6.36742	2.18781
-12.8073	-5.44504
-12.3826	-10.9861
-19.0326	-9.6349
-20.3785	-7.95101
-22.1767	-5.75209
-23.9492	-2.15635
-20.6916	-0.765913
-12.7312	-2.68452
-8.20385	3.47842
-11.6304	-6.28498
-18.7095	-7.19859
-18.8667	-7.17311
-19.3895	-6.63869
-20.0024	-5.06943
-19.2393	-6.05081
-19.1235	-4.86149
-17.5089	-5.21922
-17.3794	-5.77456
-16.75	-5.45843
-13.0269	-2.69317
-12.1096	1.91471
-14.0651	-1.84216
-18.7271	-5.31996
-16.8954	-5.32913
-13.5427	-2.88847
-17.6541	-4.12903
-15.7808	-1.48929
-15.8339	-1.11521
-16.8016	-1.81176
-18.0877	-3.35704
-15.6029	-3.28003
-16.3044	1.14025
-15.0021	-1.23363
-16.6468	-6.74351
-13.414	-5.25566
-10.2054	-0.679065
-14.6406	0.35148
-15.4341	-2.33947
-19.6721	-4.60508
-21.7708	-7.47237
-17.7101	-4.24681
-19.7523	-2.43721
-19.4441	-0.540761
-18.3984	0.391183
-16.6456	0.818621
-12.5658	2.61395
-12.5334	1.53266
-16.5593	-0.541782
-13.5535	1.01717
-13.1162	2.2168
-15.5651	0.688229
-19.4732	-0.854386
-13.8693	-1.4709
-15.047	-3.46189
-16.0735	-2.12297
-12.3516	0.0580427
-17.3972	-2.32234
-15.7891	0.927703
-13.2341	-1.66132
-13.8738	-5.93141
-15.4909	-0.695737
-14.7117	-2.45216
-16.5764	-1.41647
-16.2803	-2.67063
-13.8685	0.555852
-14.2473	-7.24892
-13.0149	-3.66523
-8.18633	-0.0566497
-12.2114	1.36251
-13.2149	-0.212573
-13.1674	0.272257
-13.1831	0.100007
-11.0244	1.09316
-7.47109	-2.1941
-3.97897	-6.99536
-1.94632	2.89702
-12.2059	-8.03537
-11.7579	-11.7054
-3.98886	-7.29215
-7.38375	-9.52767
-5.4568	-12.9323
-7.70614	-8.58565
-10.348	-4.671
-10.3684	0.0773195
-6.6598	-4.22823
-5.30115	-3.55898
-5.24625	-4.82993
-6.17872	-4.55071
-1.31282	0.895744
3.5946	1.1568
2.21736	4.49215
2.97922	3.99049
-0.00713207	8.46979
-1.89525	6.52539
-7.01002	4.49987
-8.35854	-1.81825
-6.41686	-3.4887
-3.14077	-1.63459
-1.81906	2.61238
-6.02713	2.60476
-3.9317	-4.27558
-6.87278	-5.07658
-6.666	-5.98902
-5.88805	-3.098
-10.673	2.38565
-9.30844	-4.0232
-15.8825	-15.2772
-19.8744	-13.9486
-19.0033	-12.3809
-5.78501	-19.0608
-7.90921	-22.2494
-8.28492	-20.4759
-8.58473	-15.0687
-4.50414	-5.7092
-4.03481	-2.54957
-2.52	-1.50635
-2.70441	-3.37381
-6.27056	0.0267186
-8.41525	-12.1568
-9.07552	-10.9153
-8.67393	-11.4942
-7.89395	-10.4413
-6.38557	-1.85036
-6.52262	6.62205
-9.18111	-1.58997
-11.2457	-2.35184
-7.60918	-3.46544
-2.99651	-3.22274
-0.759794	-5.85827
-1.65664	-9.37153
-3.45946	-12.4386
-1.84623	-6.69661
-4.96814	-6.04698
-6.14617	-6.96724
-8.89713	-3.27301
-7.6936	4.17369
-4.17619	2.13349
-8.38402	-1.24288
-9.2241	-6.61816
-11.5426	-11.2739
-13.481	-13.2521
-13.1562	-14.5408
-11.9666	-19.2856
-8.67721	-20.8593
-6.47573	-15.5054
-6.07499	-12.0785
-4.9475	-8.25586
-5.71395	-6.93434
-2.99031	-0.385281
-2.27264	-3.03721
-2.37458	-6.66154
-2.14761	-14.1218
-4.85979	-15.8278
-6.2213	-16.5007
-7.37728	-17.2647
-6.74657	-16.2344
-3.59295	-15.4064
-5.238	-12.36
-10.2678	-5.75141
-3.77631	-4.42774
-3.96388	-2.36208
-3.93885	-2.65683
-4.26938	-2.07827
-3.75703	-1.36523
-4.72547	-1.39523
-7.41686	-9.69256
-13.11	-17.7594
-14.7273	-12.4795
-16.4433	-8.71112
-16.7288	-4.71357
-16.4709	-0.912275
-16.1073	2.15251
-8.42861	0.631908
-11.011	3.44613
-11.0838	2.97234
-12.1586	2.72418
-11.7156	1.39518
-13.2692	2.99914
-7.85358	8.70003
-9.76227	7.22584
-9.8075	4.87829
-9.73083	4.35871
-10.7058	3.0743
-15.2808	-6.52176
-21.1366	-10.4054
-23.1424	-5.23545
-22.8518	-4.2485
-22.8611	-1.54464
-22.6195	0.630863
-21.4534	3.5978
-19.0535	6.23701
-12.1779	7.45375
-8.47401	7.39167
-8.0933	6.30447
-10.5376	9.76786
-9.95843	7.33706
-12.2292	9.99357
-9.7792	6.23812
-10.5603	0.602542
-5.8195	8.89257
-5.82192	5.67807
-7.00952	4.3792
-8.34225	5.5653
-8.27048	6.97908
-8.35562	6.0772
-7.14315	5.41502
-12.2223	4.97245
-17.3792	-1.20427
-16.3227	-2.94258
-15.0227	-2.97251
-12.9143	-3.92394
-9.10418	-4.29011
-9.62858	0.307341
-10.6561	2.33846
-6.91776	5.96453
-9.34336	2.7901
-7.47145	5.05489
-7.67783	2.17575
-3.06798	10.4602
-7.4897	1.84036
-11.1099	3.85604
-11.5256	1.24909
-15.5756	-3.74908
-14.1964	0.214733
-17.2472	-2.79977
-17.0036	-6.11626
-16.1851	-0.57508
-14.352	-6.2239
-14.1749	-2.93041
-14.2701	-0.678113
-13.1253	3.07652
-13.8222	1.57106
-14.5003	2.27752
-15.6571	-3.24606
-17.8682	1.38437
-12.2373	4.81817
-11.6092	-1.21313
-10.4603	0.30817
-16.5639	2.54367
-10.1401	2.07508
-16.3755	-3.83449
-14.679	2.78332
-14.2469	4.07234
-13.4221	1.93632
-14.9536	4.19204
-16.4407	1.379
-16.0055	0.981375
-15.2294	-0.00784986
-14.2811	1.23854
-15.1507	-2.07181
-16.3085	-5.85244
-14.6984	-3.64635
-13.2231	-3.7397
-17.4437	-4.02364
-22.4812	-1.12831
-8.81495	4.0832
-12.2799	2.00253
-16.4492	2.68724
-16.5051	1.35693
-15.2328	-1.5592
-13.7747	-4.83725
-12.4838	-8.60858
-8.77032	-7.74643
-15.2205	-1.28367
-7.05669	-4.07814
-0.593557	-4.13181
0.710003	-10.3673
0.530972	-10.314
-4.08706	-13.2589
-4.83747	-8.84026
-2.65787	-4.40105
-2.70972	2.631
-2.67035	4.24837
0.509193	-2.13811
-1.71338	2.44768
-3.05362	0.655435
-1.24907	-3.78243
0.684293	-4.91313
-1.2243	-3.34026
2.2624	-3.99647
5.15623	-4.27443
-3.29595	-4.46677
-0.983411	1.23679
-3.96981	-2.48319
-6.77108	-7.00551
-10.4728	-7.28906
-12.2832	-5.6024
-8.75908	-1.38239
-8.21168	-2.46616
-6.0401	-1.96432
-12.2122	-0.364121
-9.82241	-8.5959
-9.92913	-9.94028
-6.90701	-5.89704
-4.32407	0.922814
-2.24655	0.567621
-6.64402	-6.46729
-0.199295	-4.40603
1.14533	-9.29938
1.05809	-13.3714
-0.102107	-12.3855
-3.74837	-15.3354
-5.06617	-9.30464
-7.34384	-9.45641
-5.93464	-2.67311
-7.61194	-2.17225
-10.0519	-2.71998
-8.98128	-3.62786
-8.16431	-2.08371
-3.15874	2.4174
-2.44924	3.02977
-1.70274	0.0911593
-3.3055	-3.54898
-12.1378	-10.2792
-12.4115	-2.72967
-13.1815	-8.44997
-13.1951	-13.7361
-14.3302	-12.8075
-14.6671	-9.46421
-13.8779	-10.2651
-4.88167	-0.597391
-5.28099	-1.88386
-5.44867	-2.40927
-9.09714	-0.61878
-14.7221	-8.44259
-15.8711	-6.35934
-15.5497	-4.18785
-15.3027	-4.50552
-15.8038	-4.81509
-16.437	-2.81193
-17.1943	0.191549
-16.8616	0.317178
-16.4961	-3.10034
-16.853	-3.92387
-17.3302	-3.47727
-15.7783	7.18684
-6.14808	4.45786
-12.6506	-3.93328
-17.247	-7.32422
-18.9359	-6.74496
-16.3727	-9.10764
-17.4146	-6.66029
-14.8357	-6.55589
-11.9487	-5.82882
-12.5213	-6.35496
-14.8381	-8.72936
-18.0071	-11.0033
-20.8919	-10.3568
-23.0994	-8.72721
-23.444	-8.0112
-24.9725	-5.56281
-24.2306	-6.29377
-23.0883	-5.64353
-23.1306	-4.73183
-19.6637	-6.53847
-16.1481	-5.50674
-15.747	-0.345162
-16.5299	-0.380319
-15.9102	0.93356
-15.4845	1.76533
-14.2428	2.64611
-12.4275	1.93081
-11.7466	2.33322
-10.274	0.502538
-9.60749	-1.28116
-11.5566	0.986994
-8.78361	-0.0739405
-12.7734	-1.61938
-15.0627	0.0574866
-15.8742	0.303159
-13.9713	-1.07928
-10.7538	0.336397
-14.5902	2.84634
-12.8997	2.44822
-16.1358	4.52579
-19.0138	-1.84505
-19.4106	-2.06778
-17.3727	-6.70806
-16.4778	-8.02431
-17.0435	-8.5594
-13.529	-6.83163
-15.4653	-3.38696
-16.7824	-2.52642
-15.6864	-6.04379
-14.2899	-7.76593
-15.0612	-2.84252
-14.4186	-0.419307
-15.9467	-4.20542
-17.3431	-1.54558
-15.1548	-0.0761314
-15.2863	1.9111
-11.1282	-1.20558
-13.5135	0.377614
-12.0119	0.496315
-13.5036	0.121105
-13.5449	3.96625
-14.8141	0.243157
-14.6976	5.36687
-13.5528	0.894268
-16.3275	-1.75659
-14.6487	-0.979316
-13.4295	-2.66399
-11.0668	2.30446
-13.4971	-2.01806
-9.95373	2.09411
-7.55154	4.58477
-15.6241	-5.41019
-17.5316	-6.28025
-15.5078	-7.71375
-13.2827	-10.4205
-12.0412	-14.1058
-12.5986	-12.1186
-12.6852	-8.43772
-6.67937	-7.96995
-0.55191	-7.28677
-2.81791	-16.0464
-2.87408	-15.4635
-0.513641	-11.814
-2.2898	-14.4412
-2.75836	-10.6675
-4.66636	-12.4486
-9.09477	-7.34307
-4.69384	-1.77083
-10.1792	-0.31823
-2.22333	-7.07231
0.758378	-8.08761
1.8997	-7.48265
-1.07895	-2.06994
3.05586	-3.52262
5.92564	-0.518666
9.45005	-0.459707
10.5458	3.85762
11.3151	3.7378
11.8994	4.74668
12.0894	4.63121
12.3127	4.0657
12.5866	5.31747
12.613	6.25928
10.2403	7.93147
6.50072	9.24898
4.54381	4.72158
0.972464	-0.563736
-1.97529	-8.36831
-5.47162	-6.64505
-8.72648	-3.99089
1.65433	0.681566
1.63277	-3.13789
-2.89901	-1.44212
-13.4089	0.0121412
-10.9261	-6.46703
-9.83894	-4.07113
-7.07287	-4.12697
-4.38098	-4.03256
-0.8906	-6.31049
0.94458	-4.68672
2.73378	-4.54903
-0.343856	-2.903
-2.83571	1.73847
-4.38852	4.11293
-2.61742	3.74804
0.644482	5.05022
-0.125474	4.39438
-7.36787	-1.18737
-9.2958	-0.437347
-8.94894	1.01963
-10.0197	-2.01606
-15.0966	-3.06846
-5.73559	-0.00844685
-3.96843	-8.04636
-4.14927	-9.65662
-6.78024	-7.14169
-14.5375	-4.49125
-18.8286	-1.59275
-18.6343	0.212128
-16.7515	1.15308
-11.9452	4.35872
-10.0739	8.55497
-8.22227	6.43031
-14.2744	0.517166
-18.5597	-3.68973
-19.702	-2.83567
-23.3306	-1.55152
-13.4094	1.25178
-12.1663	-4.43115
-14.2555	-6.87109
-16.4112	-4.7863
-19.7808	-4.51799
-19.9776	-6.04968
-18.5154	-9.27775
-15.3341	-12.6666
-10.3203	-12.2197
-8.54061	-9.12493
-9.69057	-9.99431
-9.80333	-7.53635
-9.61741	-6.38728
-6.37074	-9.27709
-5.09673	-10.9852
-4.27667	-11.9689
-3.71697	-12.0619
-2.58424	-12.268
-2.59466	-9.96191
-6.47834	-3.86717
-9.14393	-4.13955
-10.4343	-2.29033
-10.0532	-0.410699
-8.09003	0.92612
-7.27985	1.45765
-7.65649	1.07101
-8.35491	0.653471
-8.27005	1.43898
-9.26589	1.34327
-5.05588	-1.7701
-5.46625	-0.341781
-8.55458	1.27726
-9.82486	-3.32044
-8.68261	2.02306
-10.9419	-1.45464
-13.7371	-1.28421
-12.5771	-0.798583
-13.0775	-5.52686
-12.0103	-4.55335
-6.48313	5.54322
-6.67379	6.91731
-8.27421	4.40458
-9.17079	6.57882
-8.38119	7.51973
-8.59039	7.68656
-13.5219	0.915908
-18.8298	-2.84661
-20.973	2.34764
-20.4879	1.65561
-19.1602	4.13635
-15.8947	3.16018
-11.9313	5.04518
-4.92494	5.34597
2.41068	9.01409
4.28662	4.55707
3.6717	2.88637
2.0924	2.18517
4.73184	-0.831982
4.22915	5.03504
5.11339	3.78961
5.89907	-0.586852
3.47648	1.23384
2.90807	1.57101
-0.0649528	3.73311
-1.78626	5.17582
-3.187	3.79107
-4.60955	4.18403
-7.16345	3.66421
-9.845	3.7991
-12.6837	4.25568
-12.1692	5.72211
-11.9123	12.5409
-5.82071	13.787
-3.35074	10.1129
-7.42978	4.12071
-1.77	9.13282
2.26019	7.92999
4.9285	9.97014
5.56106	10.0423
5.95791	9.96906
4.79885	10.3058
5.74968	12.291
-2.11033	10.6513
0.647367	10.0536
-1.94561	8.53132
-0.0922269	12.299
-0.347233	6.96673
3.89607	5.86176
-4.17064	10.6549
-5.34022	7.9186
-11.611	-6.14945
-4.25413	-6.8632
-6.38642	-2.40715
-12.3688	1.2697
-13.3303	-1.21786
-14.9236	-2.20377
-14.6756	-3.52654
-17.4934	-0.124148
-16.5717	-4.73794
-10.3194	-5.87695
-2.98084	-5.75471
0.779109	-8.33354
-2.67637	-15.0013
1.15527	-10.9296
1.26161	-4.18785
-2.7046	-8.65382
-0.856559	-10.3624
-6.68791	-11.243
-7.24455	-1.52712
-9.60643	1.04667
-11.0933	6.01578
-4.43403	11.573
-8.47441	12.3257
-8.00506	13.1437
-11.0584	8.91175
-13.5331	10.4625
-16.5835	5.59351
-19.5941	4.63092
-18.7678	0.279218
-18.7029	-3.99776
-15.1804	-6.4708
-19.7041	-6.14603
-18.4211	-3.82482
-20.4234	-7.1626
-19.4383	-7.21527
-22.51	-12.3129
-16.699	-11.5191
-14.9174	-7.75146
-16.022	-7.38359
-14.6441	-3.62445
-15.7981	-6.35597
-16.4853	-8.19668
-13.4427	-5.12916
-16.141	-4.95033
-12.7422	-3.90451
-14.7428	-6.73892
-16.6602	-7.25362
-13.7748	-5.78809
-13.7606	-2.03913
-14.9636	-2.52325
-14.6005	2.13928
-15.745	-1.53449
-15.2191	-2.64695
-13.7455	-4.07727
-13.7899	2.84891
-14.0922	-5.02114
-11.7192	2.43785
-14.0778	-6.42253
-15.0027	3.93491
-14.4115	3.37531
-11.791	3.76561
-14.9974	2.325
-14.1753	-0.108888
-15.6794	2.73607
-14.9396	-1.39596
-14.2946	1.28083
-14.0743	-2.23841
-13.6693	-4.50427
-13.6327	-3.00792
-12.2325	-2.35205
-12.2616	-5.03037
-13.4912	-6.01876
-7.20062	-2.99895
-4.20227	-1.84616
-5.70079	5.32057
-5.03543	4.60597
-3.44886	3.45275
-10.5317	-3.90482
-7.38293	-9.46998
-7.5546	-11.6488
-9.15306	-12.7586
-13.0039	-12.5874
-14.986	-11.1612
-16.2714	-11.4038
-13.3955	-1.98648
-5.52873	-1.30704
-8.6675	-4.70143
-15.5486	-11.0352
-16.3246	-11.8756
-12.9711	-9.7955
-2.43399	-9.79046
-9.12799	-13.4048
-14.0011	-18.4616
-14.4023	-17.3818
-14.6228	-18.2015
-12.8469	-20.6901
-12.0623	-22.3072
-10.649	-25.2151
-9.00795	-25.7176
-7.4143	-25.8783
-8.40945	-24.2569
-7.53586	-14.5694
-11.0079	-3.15833
-10.3718	-2.94666
-4.69915	1.08315
3.24488	-2.26888
-4.14701	-9.48342
-11.9329	-8.32961
-13.0672	-12.683
-12.522	-15.3182
-12.791	-12.8671
-10.939	-14.3833
-10.7123	-13.1547
-8.54937	-2.71251
-6.07838	-0.366025
-4.68423	2.13841
-5.44778	1.41766
-9.70603	-2.34511
-7.27108	-5.34399
-8.29131	-6.53807
-7.20836	-10.5643
-2.71613	-0.70845
-10.3479	-5.86497
-10.6347	-12.4683
-11.9437	-15.4826
-11.8073	-17.5912
-12.2141	-17.5389
-10.2985	-18.652
-9.2	-16.4041
-8.52026	-10.1697
-10.616	-4.30587
-12.9387	1.31143
-9.20695	-0.705083
-10.3255	-5.99446
-13.1852	-5.57219
-21.7396	2.57437
-13.1269	-0.617479
-11.4397	-3.42325
-13.5222	-6.64996
-14.3337	-9.36864
-16.2729	-9.30557
-14.5673	-8.11692
-8.74351	-0.706388
-12.2132	-3.58938
-12.3115	-4.52416
-10.3168	-5.42537
-10.7996	-1.89008
-11.4131	-4.06767
-11.3139	-0.390064
-14.6716	-1.487
-18.9038	1.55872
-15.6699	3.22932
-14.8267	3.53207
-13.9066	3.38983
-14.7727	3.3876
-15.8963	4.38669
-16.0164	3.11528
-13.4896	0.295781
-16.6419	5.15295
-18.4441	2.9181
-23.6615	0.917333
-25.0419	0.822174
-24.4533	0.248067
-18.1617	0.36155
-19.6794	-9.69238
-11.9535	-0.0979379
-11.3721	-0.544256
-9.97479	1.73287
-15.1538	-3.18877
-15.5588	2.40202
-11.1035	-2.07532
-14.4891	-3.18906
-12.3758	1.55856
-16.759	-0.471495
-15.2193	0.690982
-14.9777	-0.113617
-12.5144	2.23475
-12.4696	1.35619
-13.5838	-3.15356
-16.3882	2.27814
-12.6973	-0.507454
-15.4073	1.04717
-13.0731	1.0178
-12.097	5.26775
-12.8349	3.00226
